id_cp_interaction	interacting_pair	partner_a	partner_b	gene_a	gene_b	secreted	receptor_a	receptor_b	annotation_strategy	is_integrin	directionality	classification	CM|CM	CM|EN_H	CM|EN_V	CM|EP	CM|FB_H	CM|FB_V	CM|PR	CM|SM	CM|UN	EN_H|CM	EN_H|EN_H	EN_H|EN_V	EN_H|EP	EN_H|FB_H	EN_H|FB_V	EN_H|PR	EN_H|SM	EN_H|UN	EN_V|CM	EN_V|EN_H	EN_V|EN_V	EN_V|EP	EN_V|FB_H	EN_V|FB_V	EN_V|PR	EN_V|SM	EN_V|UN	EP|CM	EP|EN_H	EP|EN_V	EP|EP	EP|FB_H	EP|FB_V	EP|PR	EP|SM	EP|UN	FB_H|CM	FB_H|EN_H	FB_H|EN_V	FB_H|EP	FB_H|FB_H	FB_H|FB_V	FB_H|PR	FB_H|SM	FB_H|UN	FB_V|CM	FB_V|EN_H	FB_V|EN_V	FB_V|EP	FB_V|FB_H	FB_V|FB_V	FB_V|PR	FB_V|SM	FB_V|UN	PR|CM	PR|EN_H	PR|EN_V	PR|EP	PR|FB_H	PR|FB_V	PR|PR	PR|SM	PR|UN	SM|CM	SM|EN_H	SM|EN_V	SM|EP	SM|FB_H	SM|FB_V	SM|PR	SM|SM	SM|UN	UN|CM	UN|EN_H	UN|EN_V	UN|EP	UN|FB_H	UN|FB_V	UN|PR	UN|SM	UN|UN
CPI-SS00C24ED50	CDH5_CDH5	simple:P33151	simple:P33151	CDH5	CDH5	False	False	False	curated	False	Adhesion-Adhesion	Adhesion by Cadherin	0.005	0.789	0.864	0.01	0.033	0.006	0.005	0.0	0.015	0.789	1.574	1.649	0.795	0.817	0.79	0.79	0.0	0.799	0.864	1.649	1.724	0.87	0.893	0.865	0.865	0.0	0.875	0.01	0.795	0.87	0.016	0.039	0.011	0.011	0.0	0.021	0.033	0.817	0.893	0.039	0.061	0.034	0.033	0.0	0.043	0.006	0.79	0.865	0.011	0.034	0.006	0.006	0.0	0.016	0.005	0.79	0.865	0.011	0.033	0.006	0.006	0.0	0.015	0.0	0.0	0.0	0.0	0.0	0.0	0.0	0.0	0.0	0.015	0.799	0.875	0.021	0.043	0.016	0.015	0.0	0.025
CPI-SS0C53F7672	CDH6_CDH6	simple:P55285	simple:P55285	CDH6	CDH6	False	False	False	curated	False	Adhesion-Adhesion	Adhesion by Cadherin	0.003	0.002	0.004	0.036	0.028	0.002	0.02	0.016	0.0	0.002	0.001	0.003	0.035	0.027	0.001	0.019	0.015	0.0	0.004	0.003	0.004	0.036	0.029	0.003	0.021	0.017	0.0	0.036	0.035	0.036	0.068	0.061	0.035	0.052	0.049	0.0	0.028	0.027	0.029	0.061	0.053	0.027	0.045	0.041	0.0	0.002	0.001	0.003	0.035	0.027	0.002	0.019	0.015	0.0	0.02	0.019	0.021	0.052	0.045	0.019	0.037	0.033	0.0	0.016	0.015	0.017	0.049	0.041	0.015	0.033	0.029	0.0	0.0	0.0	0.0	0.0	0.0	0.0	0.0	0.0	0.0
CPI-SS0BE3D537D	CDH7_CDH7	simple:Q9ULB5	simple:Q9ULB5	CDH7	CDH7	False	False	False	curated	False	Adhesion-Adhesion	Adhesion by Cadherin	0.016	0.02	0.045	0.012	0.016	0.354	0.064	0.0	0.0	0.02	0.024	0.049	0.016	0.02	0.357	0.068	0.0	0.0	0.045	0.049	0.074	0.041	0.045	0.382	0.092	0.0	0.0	0.012	0.016	0.041	0.008	0.012	0.349	0.059	0.0	0.0	0.016	0.02	0.045	0.012	0.017	0.354	0.064	0.0	0.0	0.354	0.357	0.382	0.349	0.354	0.691	0.401	0.0	0.0	0.064	0.068	0.092	0.059	0.064	0.401	0.111	0.0	0.0	0.0	0.0	0.0	0.0	0.0	0.0	0.0	0.0	0.0	0.0	0.0	0.0	0.0	0.0	0.0	0.0	0.0	0.0
CPI-SS001BF66E8	CEACAM6_CEACAM6	simple:P40199	simple:P40199	CEACAM6	CEACAM6	False	False	False	curated	False	Adhesion-Adhesion	Adhesion by CEAM	0.0	0.0	0.0	0.029	0.0	0.0	0.0	0.0	0.0	0.0	0.0	0.0	0.0	0.0	0.0	0.0	0.0	0.0	0.0	0.0	0.0	0.0	0.0	0.0	0.0	0.0	0.0	0.029	0.0	0.0	0.058	0.0	0.0	0.0	0.0	0.0	0.0	0.0	0.0	0.0	0.0	0.0	0.0	0.0	0.0	0.0	0.0	0.0	0.0	0.0	0.0	0.0	0.0	0.0	0.0	0.0	0.0	0.0	0.0	0.0	0.0	0.0	0.0	0.0	0.0	0.0	0.0	0.0	0.0	0.0	0.0	0.0	0.0	0.0	0.0	0.0	0.0	0.0	0.0	0.0	0.0
CPI-SS01A7DC3C1	CLSTN2_NRXN3	simple:Q9H4D0	simple:Q9HDB5	CLSTN2	NRXN3	False	False	False	curated	False	Ligand-Receptor	Signaling by Calsyntenin	0.007	0.005	0.006	0.009	0.009	0.009	0.028	0.015	0.012	0.004	0.001	0.003	0.005	0.005	0.006	0.024	0.011	0.009	0.0	0.0	0.0	0.0	0.0	0.0	0.0	0.0	0.0	0.0	0.0	0.0	0.0	0.0	0.0	0.0	0.0	0.0	0.005	0.003	0.004	0.007	0.007	0.007	0.026	0.013	0.011	0.036	0.034	0.035	0.038	0.038	0.038	0.057	0.044	0.042	0.009	0.006	0.008	0.01	0.01	0.011	0.029	0.016	0.014	0.0	0.0	0.0	0.0	0.0	0.0	0.0	0.0	0.0	0.0	0.0	0.0	0.0	0.0	0.0	0.0	0.0	0.0
CPI-SS026EC3854	LRRTM3_NRXN3	simple:Q86VH5	simple:Q9HDB5	LRRTM3	NRXN3	False	False	False	curated	False	Ligand-Receptor	Signaling by Leucine-Rich Repeat Transmembrane Neuronal Protein	0.01	0.007	0.009	0.011	0.011	0.012	0.03	0.017	0.015	0.004	0.002	0.003	0.006	0.006	0.006	0.025	0.012	0.01	0.0	0.0	0.0	0.0	0.0	0.0	0.0	0.0	0.0	0.0	0.0	0.0	0.0	0.0	0.0	0.0	0.0	0.0	0.004	0.001	0.003	0.006	0.005	0.006	0.025	0.011	0.009	0.015	0.012	0.014	0.017	0.016	0.017	0.036	0.022	0.02	0.01	0.008	0.009	0.012	0.012	0.012	0.031	0.017	0.015	0.0	0.0	0.0	0.0	0.0	0.0	0.0	0.0	0.0	0.016	0.013	0.015	0.017	0.017	0.017	0.036	0.023	0.021
CPI-SS0F97A06CD	LRRTM4_NRXN3	simple:Q86VH4	simple:Q9HDB5	LRRTM4	NRXN3	False	False	False	curated	False	Ligand-Receptor	Signaling by Leucine-Rich Repeat Transmembrane Neuronal Protein	0.006	0.004	0.005	0.008	0.008	0.008	0.027	0.014	0.011	0.006	0.003	0.005	0.007	0.007	0.008	0.026	0.013	0.011	0.0	0.0	0.0	0.0	0.0	0.0	0.0	0.0	0.0	0.0	0.0	0.0	0.0	0.0	0.0	0.0	0.0	0.0	0.015	0.012	0.014	0.017	0.016	0.017	0.036	0.022	0.02	0.036	0.033	0.035	0.037	0.037	0.038	0.057	0.043	0.041	0.03	0.028	0.029	0.032	0.032	0.032	0.051	0.038	0.036	0.0	0.0	0.0	0.0	0.0	0.0	0.0	0.0	0.0	0.007	0.004	0.006	0.009	0.008	0.009	0.028	0.014	0.012
CPI-SS0837C7966	NLGN4Y_NRXN3	simple:Q8NFZ3	simple:Q9HDB5	NLGN4Y	NRXN3	False	False	False	curated	False	Ligand-Receptor		0.015	0.013	0.014	0.017	0.017	0.017	0.036	0.023	0.021	0.081	0.079	0.08	0.083	0.083	0.083	0.102	0.089	0.087	0.076	0.073	0.075	0.078	0.077	0.078	0.097	0.083	0.081	0.007	0.005	0.006	0.009	0.008	0.009	0.028	0.014	0.012	0.034	0.032	0.033	0.036	0.036	0.036	0.055	0.042	0.039	0.084	0.081	0.083	0.085	0.085	0.086	0.104	0.091	0.089	0.064	0.061	0.063	0.066	0.065	0.066	0.085	0.071	0.069	0.056	0.053	0.055	0.058	0.057	0.058	0.077	0.063	0.061	0.007	0.005	0.006	0.009	0.009	0.009	0.028	0.015	0.013
CPI-SS04829AC68	GJA1_GJA1	simple:P17302	simple:P17302	GJA1	GJA1	False	False	False	curated	False	Gap-Gap	Adhesion by GAP junction	0.37	0.86	0.819	0.205	0.467	0.272	0.204	0.278	0.255	0.86	1.35	1.31	0.696	0.957	0.762	0.695	0.769	0.746	0.819	1.31	1.269	0.655	0.917	0.722	0.654	0.728	0.705	0.205	0.696	0.655	0.041	0.302	0.108	0.04	0.114	0.091	0.467	0.957	0.917	0.302	0.564	0.369	0.302	0.375	0.352	0.272	0.762	0.722	0.108	0.369	0.174	0.107	0.181	0.158	0.204	0.695	0.654	0.04	0.302	0.107	0.039	0.113	0.09	0.278	0.769	0.728	0.114	0.375	0.181	0.113	0.187	0.164	0.255	0.746	0.705	0.091	0.352	0.158	0.09	0.164	0.141
CPI-SS058209EC7	F2_F2R	simple:P00734	simple:P25116	F2	F2R	True	False	True	curated	False	Ligand-Receptor	Adhesion by Prothrombin	0.022	0.441	0.413	0.019	0.453	0.122	0.262	0.567	0.033	0.0	0.0	0.0	0.0	0.0	0.0	0.0	0.0	0.0	0.0	0.0	0.0	0.0	0.0	0.0	0.0	0.0	0.0	0.494	0.912	0.884	0.49	0.925	0.594	0.733	1.038	0.504	0.023	0.441	0.413	0.019	0.454	0.123	0.262	0.567	0.033	0.0	0.0	0.0	0.0	0.0	0.0	0.0	0.0	0.0	0.022	0.441	0.412	0.018	0.453	0.122	0.262	0.567	0.032	0.0	0.0	0.0	0.0	0.0	0.0	0.0	0.0	0.0	0.0	0.0	0.0	0.0	0.0	0.0	0.0	0.0	0.0
CPI-SS0C93E48D7	THBS1_CD36	simple:P07996	simple:P16671	THBS1	CD36	False	False	True	curated	False	Ligand-Receptor	Signaling by Thrombospondin precursor	0.03	0.029	0.03	0.034	0.034	0.035	0.219	0.394	0.028	0.173	0.171	0.173	0.177	0.177	0.177	0.361	0.536	0.171	0.273	0.272	0.273	0.277	0.277	0.278	0.461	0.636	0.271	0.073	0.072	0.073	0.077	0.077	0.078	0.261	0.436	0.071	0.191	0.19	0.191	0.195	0.195	0.196	0.38	0.555	0.189	0.064	0.063	0.064	0.068	0.068	0.069	0.252	0.428	0.062	0.037	0.036	0.038	0.041	0.041	0.042	0.226	0.401	0.035	0.328	0.326	0.328	0.331	0.331	0.332	0.516	0.691	0.326	0.035	0.034	0.035	0.039	0.039	0.04	0.224	0.399	0.033
CPI-SS05996C8FD	AGT_AGTR1	simple:P01019	simple:P30556	AGT	AGTR1	True	False	True	curated	False	Ligand-Receptor	Signaling by Angiotensinogen	0.012	0.013	0.025	0.238	0.019	0.028	0.063	0.0	0.0	0.0	0.0	0.0	0.0	0.0	0.0	0.0	0.0	0.0	0.0	0.0	0.0	0.0	0.0	0.0	0.0	0.0	0.0	0.823	0.823	0.836	1.049	0.83	0.838	0.874	0.0	0.0	0.019	0.019	0.032	0.245	0.026	0.034	0.07	0.0	0.0	0.002	0.003	0.015	0.228	0.009	0.018	0.053	0.0	0.0	0.005	0.005	0.018	0.231	0.012	0.02	0.056	0.0	0.0	0.0	0.0	0.0	0.0	0.0	0.0	0.0	0.0	0.0	0.007	0.007	0.02	0.233	0.014	0.022	0.058	0.0	0.0
CPI-SS069924427	AGT_AGTR2	simple:P01019	simple:P50052	AGT	AGTR2	True	False	True	curated	False	Ligand-Receptor	Signaling by Angiotensinogen	0.0	0.0	0.0	0.015	0.0	0.013	0.0	0.0	0.0	0.0	0.0	0.0	0.0	0.0	0.0	0.0	0.0	0.0	0.0	0.0	0.0	0.0	0.0	0.0	0.0	0.0	0.0	0.0	0.0	0.0	0.825	0.0	0.824	0.0	0.0	0.0	0.0	0.0	0.0	0.021	0.0	0.02	0.0	0.0	0.0	0.0	0.0	0.0	0.005	0.0	0.003	0.0	0.0	0.0	0.0	0.0	0.0	0.007	0.0	0.006	0.0	0.0	0.0	0.0	0.0	0.0	0.0	0.0	0.0	0.0	0.0	0.0	0.0	0.0	0.0	0.009	0.0	0.008	0.0	0.0	0.0
CPI-SS086CB298F	APLN_APLNR	simple:Q9ULZ1	simple:P35414	APLN	APLNR	True	False	True	curated	False	Ligand-Receptor	Signaling by Apelin	0.006	0.195	0.073	0.0	0.039	0.006	0.006	0.0	0.0	0.791	0.98	0.858	0.0	0.824	0.792	0.791	0.0	0.0	0.64	0.829	0.707	0.0	0.673	0.641	0.64	0.0	0.0	0.006	0.195	0.073	0.0	0.039	0.006	0.006	0.0	0.0	0.007	0.196	0.074	0.0	0.04	0.008	0.007	0.0	0.0	0.002	0.191	0.069	0.0	0.035	0.002	0.002	0.0	0.0	0.007	0.196	0.074	0.0	0.04	0.008	0.007	0.0	0.0	0.009	0.198	0.076	0.0	0.042	0.009	0.009	0.0	0.0	0.025	0.215	0.092	0.0	0.058	0.026	0.025	0.0	0.0
CPI-SS0E4E83C2E	BDNF_NGFR	simple:P23560	simple:P08138	BDNF	NGFR	True	False	True	curated	False	Ligand-Receptor	Signaling by Brain-derived neurotrophic factor	0.066	0.013	0.009	0.0	0.218	0.023	0.027	0.122	0.046	0.069	0.017	0.012	0.0	0.222	0.027	0.03	0.125	0.05	0.078	0.025	0.021	0.0	0.23	0.035	0.038	0.134	0.058	0.0	0.0	0.0	0.0	0.0	0.0	0.0	0.0	0.0	0.075	0.022	0.018	0.0	0.228	0.032	0.036	0.131	0.055	0.156	0.103	0.099	0.0	0.309	0.114	0.117	0.212	0.137	0.088	0.035	0.031	0.0	0.241	0.046	0.049	0.144	0.068	0.136	0.083	0.079	0.0	0.289	0.094	0.097	0.192	0.117	0.0	0.0	0.0	0.0	0.0	0.0	0.0	0.0	0.0
CPI-SS0BA601DC4	BDNF_NTRK2	simple:P23560	simple:Q16620	BDNF	NTRK2	True	False	True	curated	False	Ligand-Receptor	Signaling by Brain-derived neurotrophic factor	0.003	0.005	0.012	0.0	0.06	0.077	0.056	0.059	0.004	0.006	0.009	0.016	0.0	0.064	0.081	0.06	0.063	0.007	0.015	0.017	0.024	0.0	0.072	0.089	0.068	0.071	0.015	0.0	0.0	0.0	0.0	0.0	0.0	0.0	0.0	0.0	0.012	0.014	0.021	0.0	0.069	0.087	0.065	0.068	0.013	0.093	0.095	0.103	0.0	0.151	0.168	0.147	0.15	0.094	0.025	0.027	0.034	0.0	0.083	0.1	0.078	0.082	0.026	0.073	0.075	0.083	0.0	0.131	0.148	0.127	0.13	0.074	0.0	0.0	0.0	0.0	0.0	0.0	0.0	0.0	0.0
CPI-SS0E3AA6B7B	NTN4_NTRK2	simple:Q9HB63	simple:Q16620	NTN4	NTRK2	True	False	True	curated	False	Ligand-Receptor	Signaling by Netrin	0.002	0.004	0.011	0.0	0.059	0.076	0.055	0.058	0.002	0.0	0.0	0.0	0.0	0.0	0.0	0.0	0.0	0.0	0.003	0.005	0.013	0.0	0.061	0.078	0.057	0.06	0.004	0.0	0.0	0.0	0.0	0.0	0.0	0.0	0.0	0.0	0.005	0.007	0.014	0.0	0.063	0.08	0.058	0.062	0.006	0.005	0.007	0.015	0.0	0.063	0.08	0.059	0.062	0.006	0.024	0.026	0.033	0.0	0.081	0.099	0.077	0.08	0.025	0.062	0.064	0.071	0.0	0.119	0.136	0.115	0.118	0.062	0.0	0.0	0.0	0.0	0.0	0.0	0.0	0.0	0.0
CPI-SS09A6C048C	CLSTN2_NRXN1	simple:Q9H4D0	simple:Q9ULB1	CLSTN2	NRXN1	False	False	False	curated	False	Ligand-Receptor	Signaling by Calsyntenin	0.213	0.019	0.033	0.026	0.029	0.46	0.184	0.012	0.104	0.21	0.015	0.029	0.022	0.025	0.457	0.181	0.008	0.1	0.0	0.0	0.0	0.0	0.0	0.0	0.0	0.0	0.0	0.0	0.0	0.0	0.0	0.0	0.0	0.0	0.0	0.0	0.211	0.017	0.031	0.024	0.027	0.459	0.183	0.01	0.102	0.242	0.048	0.062	0.055	0.058	0.49	0.214	0.041	0.133	0.215	0.02	0.034	0.027	0.03	0.462	0.186	0.013	0.105	0.0	0.0	0.0	0.0	0.0	0.0	0.0	0.0	0.0	0.0	0.0	0.0	0.0	0.0	0.0	0.0	0.0	0.0
CPI-SS0626DF0EB	LRRTM3_NRXN1	simple:Q86VH5	simple:Q9ULB1	LRRTM3	NRXN1	False	False	False	curated	False	Ligand-Receptor	Signaling by Leucine-Rich Repeat Transmembrane Neuronal Protein	0.216	0.021	0.035	0.028	0.031	0.463	0.187	0.014	0.106	0.211	0.016	0.03	0.023	0.026	0.458	0.182	0.009	0.101	0.0	0.0	0.0	0.0	0.0	0.0	0.0	0.0	0.0	0.0	0.0	0.0	0.0	0.0	0.0	0.0	0.0	0.0	0.21	0.016	0.029	0.023	0.026	0.457	0.181	0.009	0.1	0.221	0.027	0.041	0.034	0.037	0.468	0.192	0.02	0.112	0.216	0.022	0.036	0.029	0.032	0.463	0.187	0.015	0.107	0.0	0.0	0.0	0.0	0.0	0.0	0.0	0.0	0.0	0.222	0.027	0.041	0.034	0.037	0.469	0.193	0.02	0.112
CPI-SS03466C597	LRRTM4_NRXN1	simple:Q86VH4	simple:Q9ULB1	LRRTM4	NRXN1	False	False	False	curated	False	Ligand-Receptor	Signaling by Leucine-Rich Repeat Transmembrane Neuronal Protein	0.212	0.018	0.032	0.025	0.028	0.459	0.183	0.011	0.103	0.212	0.017	0.031	0.024	0.027	0.459	0.183	0.01	0.102	0.0	0.0	0.0	0.0	0.0	0.0	0.0	0.0	0.0	0.0	0.0	0.0	0.0	0.0	0.0	0.0	0.0	0.0	0.221	0.027	0.04	0.034	0.037	0.468	0.192	0.02	0.111	0.242	0.047	0.061	0.055	0.057	0.489	0.213	0.041	0.132	0.237	0.042	0.056	0.049	0.052	0.484	0.208	0.035	0.127	0.0	0.0	0.0	0.0	0.0	0.0	0.0	0.0	0.0	0.213	0.019	0.033	0.026	0.029	0.46	0.184	0.012	0.104
CPI-SS0CCB5F46B	NLGN4Y_NRXN1	simple:Q8NFZ3	simple:Q9ULB1	NLGN4Y	NRXN1	False	False	False	curated	False	Ligand-Receptor	Signaling by Neuroligin	0.222	0.027	0.041	0.034	0.037	0.469	0.193	0.02	0.112	0.287	0.093	0.107	0.1	0.103	0.535	0.259	0.086	0.178	0.282	0.088	0.101	0.095	0.098	0.529	0.253	0.081	0.172	0.213	0.019	0.033	0.026	0.029	0.46	0.184	0.012	0.104	0.24	0.046	0.06	0.053	0.056	0.487	0.211	0.039	0.131	0.29	0.095	0.109	0.102	0.105	0.537	0.261	0.089	0.18	0.27	0.076	0.089	0.083	0.086	0.517	0.241	0.069	0.16	0.262	0.068	0.081	0.075	0.078	0.509	0.233	0.061	0.152	0.214	0.019	0.033	0.026	0.029	0.461	0.185	0.012	0.104
CPI-SS093707FE0	CLSTN2_NRXN2	simple:Q9H4D0	simple:P58401	CLSTN2	NRXN2	False	False	False	curated	False	Ligand-Receptor	Signaling by Calsyntenin	0.004	0.006	0.011	0.0	0.009	0.029	0.034	0.014	0.0	0.001	0.002	0.007	0.0	0.006	0.026	0.031	0.01	0.0	0.0	0.0	0.0	0.0	0.0	0.0	0.0	0.0	0.0	0.0	0.0	0.0	0.0	0.0	0.0	0.0	0.0	0.0	0.003	0.004	0.009	0.0	0.007	0.027	0.032	0.012	0.0	0.034	0.035	0.04	0.0	0.038	0.058	0.063	0.043	0.0	0.006	0.007	0.012	0.0	0.011	0.031	0.036	0.015	0.0	0.0	0.0	0.0	0.0	0.0	0.0	0.0	0.0	0.0	0.0	0.0	0.0	0.0	0.0	0.0	0.0	0.0	0.0
CPI-SS08D8F6957	LRRTM3_NRXN2	simple:Q86VH5	simple:P58401	LRRTM3	NRXN2	False	False	False	curated	False	Ligand-Receptor	Signaling by Leucine-Rich Repeat Transmembrane Neuronal Protein	0.007	0.008	0.013	0.0	0.012	0.031	0.037	0.016	0.0	0.002	0.003	0.008	0.0	0.007	0.026	0.031	0.011	0.0	0.0	0.0	0.0	0.0	0.0	0.0	0.0	0.0	0.0	0.0	0.0	0.0	0.0	0.0	0.0	0.0	0.0	0.0	0.001	0.002	0.007	0.0	0.006	0.026	0.031	0.01	0.0	0.012	0.013	0.018	0.0	0.017	0.037	0.042	0.021	0.0	0.007	0.008	0.014	0.0	0.012	0.032	0.037	0.016	0.0	0.0	0.0	0.0	0.0	0.0	0.0	0.0	0.0	0.0	0.013	0.014	0.019	0.0	0.018	0.037	0.043	0.022	0.0
CPI-SS06157E5AF	LRRTM4_NRXN2	simple:Q86VH4	simple:P58401	LRRTM4	NRXN2	False	False	False	curated	False	Ligand-Receptor	Signaling by Leucine-Rich Repeat Transmembrane Neuronal Protein	0.003	0.005	0.01	0.0	0.008	0.028	0.033	0.013	0.0	0.003	0.004	0.009	0.0	0.008	0.028	0.033	0.012	0.0	0.0	0.0	0.0	0.0	0.0	0.0	0.0	0.0	0.0	0.0	0.0	0.0	0.0	0.0	0.0	0.0	0.0	0.0	0.012	0.013	0.018	0.0	0.017	0.037	0.042	0.021	0.0	0.033	0.034	0.039	0.0	0.038	0.058	0.063	0.042	0.0	0.028	0.029	0.034	0.0	0.033	0.052	0.057	0.037	0.0	0.0	0.0	0.0	0.0	0.0	0.0	0.0	0.0	0.0	0.004	0.005	0.01	0.0	0.009	0.029	0.034	0.013	0.0
CPI-SS07C26C799	NLGN4Y_NRXN2	simple:Q8NFZ3	simple:P58401	NLGN4Y	NRXN2	False	False	False	curated	False	Ligand-Receptor	Signaling by Neuroligin	0.013	0.014	0.019	0.0	0.017	0.037	0.042	0.022	0.0	0.078	0.08	0.085	0.0	0.083	0.103	0.108	0.088	0.0	0.073	0.074	0.079	0.0	0.078	0.098	0.103	0.082	0.0	0.004	0.005	0.01	0.0	0.009	0.029	0.034	0.013	0.0	0.031	0.033	0.038	0.0	0.036	0.056	0.061	0.041	0.0	0.081	0.082	0.087	0.0	0.086	0.106	0.111	0.09	0.0	0.061	0.062	0.067	0.0	0.066	0.086	0.091	0.07	0.0	0.053	0.054	0.059	0.0	0.058	0.078	0.083	0.062	0.0	0.005	0.006	0.011	0.0	0.009	0.029	0.034	0.014	0.0
CPI-SS0AEC33FF1	CCL22_DPP4	simple:O00626	simple:P27487	CCL22	DPP4	True	False	True	curated	False	Ligand-Receptor	Signaling by Chemokines	0.0	0.0	0.0	0.0	0.0	0.0	0.0	0.0	0.0	0.0	0.0	0.0	0.0	0.0	0.0	0.0	0.0	0.0	0.0	0.0	0.0	0.0	0.0	0.0	0.0	0.0	0.0	0.0	0.0	0.0	0.0	0.0	0.0	0.0	0.0	0.0	0.0	0.0	0.0	0.0	0.0	0.0	0.0	0.0	0.0	0.0	0.006	0.002	0.023	0.0	0.011	0.0	0.0	0.0	0.0	0.006	0.002	0.023	0.0	0.012	0.0	0.0	0.0	0.0	0.0	0.0	0.0	0.0	0.0	0.0	0.0	0.0	0.0	0.0	0.0	0.0	0.0	0.0	0.0	0.0	0.0
CPI-SS0FDAB7BA8	CXCL10_DPP4	simple:P02778	simple:P27487	CXCL10	DPP4	True	False	True	curated	False	Ligand-Receptor	Signaling by Chemokines	0.0	0.005	0.002	0.022	0.0	0.011	0.0	0.0	0.0	0.0	0.0	0.0	0.0	0.0	0.0	0.0	0.0	0.0	0.0	0.0	0.0	0.0	0.0	0.0	0.0	0.0	0.0	0.0	0.0	0.0	0.0	0.0	0.0	0.0	0.0	0.0	0.0	0.0	0.0	0.0	0.0	0.0	0.0	0.0	0.0	0.0	0.008	0.005	0.025	0.0	0.014	0.0	0.0	0.0	0.0	0.006	0.003	0.023	0.0	0.012	0.0	0.0	0.0	0.0	0.0	0.0	0.0	0.0	0.0	0.0	0.0	0.0	0.0	0.0	0.0	0.0	0.0	0.0	0.0	0.0	0.0
CPI-SS0B1B18F2D	CXCL12_DPP4	simple:P48061	simple:P27487	CXCL12	DPP4	True	False	True	curated	False	Ligand-Receptor	Signaling by Chemokines	0.0	0.177	0.173	0.194	0.0	0.182	0.0	0.0	0.0	0.0	0.019	0.016	0.036	0.0	0.025	0.0	0.0	0.0	0.0	0.025	0.022	0.042	0.0	0.031	0.0	0.0	0.0	0.0	0.073	0.07	0.09	0.0	0.079	0.0	0.0	0.0	0.0	0.141	0.138	0.158	0.0	0.147	0.0	0.0	0.0	0.0	0.437	0.434	0.454	0.0	0.443	0.0	0.0	0.0	0.0	0.117	0.114	0.134	0.0	0.123	0.0	0.0	0.0	0.0	0.194	0.191	0.211	0.0	0.2	0.0	0.0	0.0	0.0	0.048	0.045	0.065	0.0	0.054	0.0	0.0	0.0
CPI-SS0315F51DD	CXCL8_CXCR2	simple:P10145	simple:P25025	CXCL8	CXCR2	True	False	True	curated	False	Ligand-Receptor	Signaling by Chemokines	0.001	0.001	0.0	0.0	0.005	0.0	0.0	0.0	0.004	0.002	0.002	0.0	0.0	0.006	0.0	0.0	0.0	0.006	0.0	0.0	0.0	0.0	0.0	0.0	0.0	0.0	0.0	0.014	0.013	0.0	0.0	0.017	0.0	0.0	0.0	0.017	0.018	0.018	0.0	0.0	0.022	0.0	0.0	0.0	0.021	0.0	0.0	0.0	0.0	0.0	0.0	0.0	0.0	0.0	0.0	0.0	0.0	0.0	0.0	0.0	0.0	0.0	0.0	0.0	0.0	0.0	0.0	0.0	0.0	0.0	0.0	0.0	0.0	0.0	0.0	0.0	0.0	0.0	0.0	0.0	0.0
CPI-SS0A28DCA72	CXCL12_CXCR4	simple:P48061	simple:P61073	CXCL12	CXCR4	True	False	True	curated	False	Ligand-Receptor	Signaling by Chemokines	0.174	0.588	0.77	0.177	0.219	0.183	0.214	0.0	0.192	0.017	0.43	0.612	0.02	0.061	0.026	0.057	0.0	0.034	0.023	0.436	0.618	0.026	0.067	0.032	0.062	0.0	0.04	0.071	0.484	0.666	0.074	0.115	0.08	0.111	0.0	0.088	0.139	0.552	0.734	0.142	0.184	0.148	0.179	0.0	0.157	0.435	0.848	1.03	0.438	0.479	0.444	0.475	0.0	0.452	0.115	0.528	0.71	0.118	0.159	0.124	0.155	0.0	0.132	0.192	0.605	0.787	0.195	0.237	0.201	0.232	0.0	0.21	0.046	0.459	0.641	0.049	0.09	0.055	0.086	0.0	0.063
CPI-SS0669CC233	CXCL14_CXCR4	simple:O95715	simple:P61073	CXCL14	CXCR4	True	False	True	curated	False	Ligand-Receptor	Signaling by Chemokines	0.006	0.419	0.602	0.009	0.051	0.015	0.046	0.0	0.024	0.003	0.416	0.598	0.006	0.048	0.012	0.043	0.0	0.021	0.0	0.0	0.0	0.0	0.0	0.0	0.0	0.0	0.0	0.026	0.439	0.621	0.029	0.071	0.035	0.066	0.0	0.044	0.006	0.419	0.601	0.009	0.05	0.015	0.046	0.0	0.023	0.015	0.428	0.61	0.018	0.059	0.024	0.055	0.0	0.032	0.004	0.417	0.6	0.007	0.049	0.013	0.044	0.0	0.022	0.047	0.46	0.642	0.05	0.092	0.056	0.087	0.0	0.065	0.0	0.0	0.0	0.0	0.0	0.0	0.0	0.0	0.0
CPI-CS0406B0B69	Cholesterol_byLIPA_RORA	complex:Cholesterol_byLIPA	simple:P35398		RORA	True	False	True	curated	False	Ligand-Receptor	Signaling by Cholesterol	0.117	0.114	0.146	0.135	0.077	0.129	0.108	0.072	0.092	0.539	0.537	0.569	0.558	0.5	0.551	0.531	0.495	0.515	0.487	0.485	0.517	0.506	0.448	0.499	0.479	0.443	0.463	0.2	0.198	0.23	0.219	0.161	0.212	0.192	0.156	0.176	0.485	0.482	0.515	0.503	0.446	0.497	0.477	0.441	0.46	0.151	0.148	0.181	0.169	0.112	0.163	0.143	0.107	0.126	0.193	0.19	0.222	0.211	0.153	0.205	0.184	0.148	0.168	0.237	0.234	0.267	0.255	0.198	0.249	0.229	0.193	0.212	0.122	0.119	0.152	0.14	0.083	0.134	0.114	0.078	0.097
CPI-SS0F62347D4	C1QL1_ADGRB3	simple:O75973	simple:O60242	C1QL1	ADGRB3	True	False	True	curated	False	Ligand-Receptor	Signaling by Complement	0.014	0.013	0.014	0.013	0.034	0.084	0.052	0.02	0.033	0.003	0.003	0.003	0.002	0.023	0.073	0.041	0.009	0.022	0.0	0.0	0.0	0.0	0.0	0.0	0.0	0.0	0.0	0.0	0.0	0.0	0.0	0.0	0.0	0.0	0.0	0.0	0.005	0.005	0.005	0.005	0.026	0.076	0.043	0.012	0.024	0.037	0.037	0.037	0.036	0.057	0.107	0.075	0.043	0.056	0.009	0.009	0.009	0.009	0.03	0.08	0.047	0.016	0.028	0.0	0.0	0.0	0.0	0.0	0.0	0.0	0.0	0.0	0.005	0.005	0.005	0.005	0.025	0.075	0.043	0.012	0.024
CPI-SC0037338E6	IHH_PTCH_BOC_transmembrane_receptor	simple:Q14623	complex:PTCH_BOC_transmembrane_receptor	IHH		True	False	True	curated	False	Ligand-Receptor	Signaling by Indian hedgehog	0.0	0.0	0.0	0.0	0.0	0.0	0.0	0.0	0.0	0.0	0.0	0.0	0.0	0.0	0.0	0.0	0.0	0.0	0.0	0.0	0.0	0.0	0.0	0.0	0.0	0.0	0.0	0.031	0.033	0.035	0.0	0.037	0.072	0.039	0.046	0.036	0.0	0.0	0.0	0.0	0.0	0.0	0.0	0.0	0.0	0.0	0.0	0.0	0.0	0.0	0.0	0.0	0.0	0.0	0.0	0.0	0.0	0.0	0.0	0.0	0.0	0.0	0.0	0.0	0.0	0.0	0.0	0.0	0.0	0.0	0.0	0.0	0.0	0.0	0.0	0.0	0.0	0.0	0.0	0.0	0.0
CPI-SC0C3E862AA	IHH_PTCH_GAS1_transmembrane_receptor	simple:Q14623	complex:PTCH_GAS1_transmembrane_receptor	IHH		True	False	True	curated	False	Ligand-Receptor	Signaling by Indian hedgehog	0.0	0.0	0.0	0.0	0.0	0.0	0.0	0.0	0.0	0.0	0.0	0.0	0.0	0.0	0.0	0.0	0.0	0.0	0.0	0.0	0.0	0.0	0.0	0.0	0.0	0.0	0.0	0.021	0.025	0.037	0.026	0.041	0.072	0.039	0.027	0.021	0.0	0.0	0.0	0.0	0.0	0.0	0.0	0.0	0.0	0.0	0.0	0.0	0.0	0.0	0.0	0.0	0.0	0.0	0.0	0.0	0.0	0.0	0.0	0.0	0.0	0.0	0.0	0.0	0.0	0.0	0.0	0.0	0.0	0.0	0.0	0.0	0.0	0.0	0.0	0.0	0.0	0.0	0.0	0.0	0.0
CPI-SS055233B99	IHH_HHIP	simple:Q14623	simple:Q96QV1	IHH	HHIP	True	False	False	curated	False	Ligand-Ligand	Signaling by Indian hedgehog	0.0	0.0	0.0	0.0	0.0	0.0	0.0	0.0	0.0	0.0	0.0	0.0	0.0	0.0	0.0	0.0	0.0	0.0	0.0	0.0	0.0	0.0	0.0	0.0	0.0	0.0	0.0	0.018	0.028	0.021	0.021	0.066	0.031	0.019	0.0	0.022	0.0	0.0	0.0	0.0	0.0	0.0	0.0	0.0	0.0	0.0	0.0	0.0	0.0	0.0	0.0	0.0	0.0	0.0	0.0	0.0	0.0	0.0	0.0	0.0	0.0	0.0	0.0	0.0	0.0	0.0	0.0	0.0	0.0	0.0	0.0	0.0	0.0	0.0	0.0	0.0	0.0	0.0	0.0	0.0	0.0
CPI-SS0D8632EB4	EDN1_EDNRA	simple:P05305	simple:P25101	EDN1	EDNRA	True	False	True	curated	False	Ligand-Receptor	Signaling by Endothelin	0.098	0.015	0.06	0.018	0.147	0.384	0.523	0.45	0.028	0.141	0.058	0.103	0.061	0.19	0.427	0.566	0.494	0.071	0.157	0.074	0.118	0.077	0.206	0.443	0.582	0.509	0.087	0.113	0.03	0.075	0.033	0.162	0.399	0.538	0.466	0.043	0.252	0.168	0.213	0.172	0.301	0.538	0.677	0.604	0.182	0.099	0.016	0.061	0.02	0.149	0.385	0.525	0.452	0.029	0.1	0.017	0.062	0.02	0.149	0.386	0.525	0.452	0.03	0.22	0.136	0.181	0.14	0.269	0.506	0.645	0.572	0.15	0.104	0.021	0.065	0.024	0.153	0.39	0.529	0.456	0.034
CPI-SS056AA08CF	EDN2_EDNRA	simple:P20800	simple:P25101	EDN2	EDNRA	True	False	True	curated	False	Ligand-Receptor	Signaling by Endothelin	0.097	0.014	0.059	0.018	0.147	0.383	0.523	0.45	0.027	0.0	0.0	0.0	0.0	0.0	0.0	0.0	0.0	0.0	0.0	0.0	0.0	0.0	0.0	0.0	0.0	0.0	0.0	0.0	0.0	0.0	0.0	0.0	0.0	0.0	0.0	0.0	0.0	0.0	0.0	0.0	0.0	0.0	0.0	0.0	0.0	0.0	0.0	0.0	0.0	0.0	0.0	0.0	0.0	0.0	0.0	0.0	0.0	0.0	0.0	0.0	0.0	0.0	0.0	0.0	0.0	0.0	0.0	0.0	0.0	0.0	0.0	0.0	0.101	0.018	0.063	0.021	0.15	0.387	0.526	0.454	0.031
CPI-SS03D5CBF55	EDN3_EDNRA	simple:P14138	simple:P25101	EDN3	EDNRA	True	False	True	curated	False	Ligand-Receptor	Signaling by Endothelin	0.097	0.014	0.059	0.017	0.146	0.383	0.522	0.449	0.027	0.0	0.0	0.0	0.0	0.0	0.0	0.0	0.0	0.0	0.0	0.0	0.0	0.0	0.0	0.0	0.0	0.0	0.0	0.0	0.0	0.0	0.0	0.0	0.0	0.0	0.0	0.0	0.0	0.0	0.0	0.0	0.0	0.0	0.0	0.0	0.0	0.11	0.026	0.071	0.03	0.159	0.396	0.535	0.462	0.04	0.0	0.0	0.0	0.0	0.0	0.0	0.0	0.0	0.0	0.0	0.0	0.0	0.0	0.0	0.0	0.0	0.0	0.0	0.0	0.0	0.0	0.0	0.0	0.0	0.0	0.0	0.0
CPI-SS0C70ADA28	EFNA5_EPHA3	simple:P52803	simple:P29320	EFNA5	EPHA3	True	False	True	curated	False	Ligand-Receptor	Signaling by Ephrin	0.056	0.019	0.032	0.0	0.038	0.067	0.147	0.077	0.05	0.05	0.014	0.027	0.0	0.032	0.061	0.141	0.071	0.044	0.074	0.038	0.051	0.0	0.056	0.085	0.165	0.095	0.068	0.041	0.004	0.017	0.0	0.022	0.051	0.131	0.061	0.035	0.087	0.05	0.063	0.0	0.068	0.098	0.177	0.108	0.081	0.13	0.093	0.106	0.0	0.111	0.14	0.22	0.15	0.124	0.07	0.033	0.046	0.0	0.052	0.081	0.16	0.091	0.064	0.064	0.027	0.04	0.0	0.045	0.074	0.154	0.084	0.058	0.0	0.0	0.0	0.0	0.0	0.0	0.0	0.0	0.0
CPI-SS0FC01B947	EFNA5_EPHA4	simple:P52803	simple:P54764	EFNA5	EPHA4	False	False	True	curated	False	Ligand-Receptor	Signaling by Ephrin	0.177	0.034	0.055	0.019	0.035	0.236	0.034	0.03	0.106	0.171	0.028	0.049	0.013	0.029	0.23	0.028	0.024	0.1	0.195	0.052	0.073	0.037	0.053	0.254	0.052	0.048	0.124	0.162	0.018	0.039	0.003	0.019	0.22	0.018	0.014	0.09	0.208	0.065	0.085	0.049	0.066	0.266	0.065	0.061	0.137	0.251	0.107	0.128	0.092	0.108	0.309	0.107	0.103	0.179	0.191	0.048	0.068	0.033	0.049	0.249	0.048	0.044	0.12	0.185	0.041	0.062	0.026	0.042	0.243	0.042	0.038	0.113	0.0	0.0	0.0	0.0	0.0	0.0	0.0	0.0	0.0
CPI-SS087E0E3FB	EFNB2_EPHA4	simple:P52799	simple:P54764	EFNB2	EPHA4	False	True	True	curated	False	Ligand-Receptor	Signaling by Ephrin	0.193	0.05	0.071	0.035	0.051	0.252	0.05	0.046	0.122	0.573	0.43	0.45	0.415	0.431	0.632	0.43	0.426	0.502	0.603	0.46	0.481	0.445	0.461	0.662	0.46	0.456	0.532	0.201	0.058	0.079	0.043	0.059	0.26	0.058	0.054	0.13	0.366	0.222	0.243	0.207	0.223	0.424	0.223	0.219	0.294	0.452	0.309	0.329	0.293	0.31	0.51	0.309	0.305	0.381	0.793	0.649	0.67	0.634	0.65	0.851	0.649	0.645	0.721	0.468	0.325	0.345	0.31	0.326	0.527	0.325	0.321	0.397	0.229	0.085	0.106	0.07	0.086	0.287	0.085	0.081	0.157
CPI-SS068ACD209	EFNA5_EPHB2	simple:P52803	simple:P29323	EFNA5	EPHB2	False	False	True	curated	False	Ligand-Receptor	Signaling by Ephrin	0.056	0.02	0.019	0.02	0.048	0.039	0.024	0.0	0.059	0.051	0.015	0.014	0.014	0.042	0.033	0.018	0.0	0.053	0.075	0.039	0.038	0.038	0.066	0.057	0.043	0.0	0.077	0.041	0.005	0.004	0.004	0.032	0.024	0.009	0.0	0.043	0.087	0.051	0.05	0.051	0.078	0.07	0.055	0.0	0.09	0.13	0.094	0.093	0.093	0.121	0.113	0.098	0.0	0.132	0.07	0.034	0.033	0.034	0.061	0.053	0.038	0.0	0.073	0.064	0.028	0.027	0.027	0.055	0.047	0.032	0.0	0.067	0.0	0.0	0.0	0.0	0.0	0.0	0.0	0.0	0.0
CPI-SS0ECC9DF3E	EFNB2_EPHB2	simple:P52799	simple:P29323	EFNB2	EPHB2	False	True	True	curated	False	Ligand-Receptor	Signaling by Ephrin	0.073	0.037	0.036	0.036	0.064	0.055	0.04	0.0	0.075	0.452	0.416	0.415	0.416	0.443	0.435	0.42	0.0	0.455	0.483	0.447	0.446	0.446	0.474	0.465	0.451	0.0	0.485	0.08	0.044	0.043	0.044	0.072	0.063	0.048	0.0	0.083	0.245	0.209	0.208	0.208	0.236	0.228	0.213	0.0	0.248	0.331	0.295	0.294	0.295	0.322	0.314	0.299	0.0	0.334	0.672	0.636	0.635	0.635	0.663	0.654	0.64	0.0	0.674	0.347	0.311	0.31	0.311	0.338	0.33	0.315	0.0	0.35	0.108	0.072	0.071	0.071	0.099	0.091	0.076	0.0	0.11
CPI-SS05ABE6795	EFNB2_EPHB6	simple:P52799	simple:O15197	EFNB2	EPHB6	True	True	True	curated	False	Ligand-Receptor	Signaling by Ephrin	0.039	0.037	0.045	0.047	0.059	0.088	0.127	0.043	0.038	0.419	0.416	0.425	0.427	0.439	0.468	0.507	0.423	0.418	0.449	0.447	0.455	0.457	0.469	0.498	0.538	0.453	0.448	0.047	0.044	0.053	0.055	0.067	0.096	0.135	0.051	0.046	0.211	0.209	0.217	0.22	0.232	0.261	0.3	0.215	0.211	0.298	0.295	0.304	0.306	0.318	0.347	0.386	0.302	0.297	0.638	0.636	0.644	0.647	0.658	0.687	0.727	0.642	0.637	0.314	0.311	0.32	0.322	0.334	0.363	0.402	0.318	0.313	0.074	0.072	0.08	0.083	0.095	0.124	0.163	0.078	0.074
CPI-SS052119104	AREG_EGFR	simple:P15514	simple:P00533	AREG	EGFR	True	False	True	curated	False	Ligand-Receptor	Signaling by Epidermal growth factor	0.05	0.056	0.057	0.237	0.168	0.246	0.191	0.125	0.056	0.065	0.071	0.072	0.252	0.184	0.261	0.207	0.14	0.071	0.026	0.032	0.033	0.213	0.144	0.222	0.167	0.101	0.032	0.133	0.139	0.14	0.32	0.251	0.329	0.274	0.208	0.139	0.03	0.036	0.037	0.217	0.149	0.226	0.171	0.105	0.036	0.008	0.014	0.015	0.195	0.126	0.204	0.149	0.083	0.014	0.008	0.014	0.015	0.195	0.126	0.204	0.149	0.083	0.014	0.037	0.043	0.044	0.224	0.155	0.233	0.178	0.112	0.043	0.016	0.023	0.024	0.204	0.135	0.212	0.158	0.092	0.023
CPI-SS09947DDD9	EGF_EGFR	simple:P01133	simple:P00533	EGF	EGFR	True	False	True	curated	False	Ligand-Receptor	Signaling by Epidermal growth factor	0.021	0.027	0.028	0.208	0.14	0.217	0.162	0.096	0.027	0.017	0.023	0.024	0.204	0.136	0.213	0.159	0.092	0.023	0.028	0.034	0.035	0.215	0.146	0.224	0.169	0.103	0.034	0.0	0.0	0.0	0.0	0.0	0.0	0.0	0.0	0.0	0.008	0.015	0.016	0.196	0.127	0.204	0.15	0.084	0.015	0.007	0.013	0.014	0.194	0.126	0.203	0.148	0.082	0.013	0.0	0.0	0.0	0.0	0.0	0.0	0.0	0.0	0.0	0.031	0.037	0.038	0.218	0.15	0.227	0.173	0.106	0.037	0.039	0.046	0.047	0.227	0.158	0.235	0.181	0.115	0.046
CPI-SS0430C8A78	FLRT1_ADGRL3	simple:Q9NZU1	simple:Q9HAR2	FLRT1	ADGRL3	False	False	True	curated	False	Ligand-Receptor	Signaling by Fibronectin	0.039	0.017	0.007	0.0	0.026	0.088	0.034	0.0	0.019	0.0	0.0	0.0	0.0	0.0	0.0	0.0	0.0	0.0	0.039	0.018	0.007	0.0	0.026	0.088	0.035	0.0	0.019	0.0	0.0	0.0	0.0	0.0	0.0	0.0	0.0	0.0	0.0	0.0	0.0	0.0	0.0	0.0	0.0	0.0	0.0	0.04	0.018	0.008	0.0	0.027	0.089	0.035	0.0	0.019	0.0	0.0	0.0	0.0	0.0	0.0	0.0	0.0	0.0	0.0	0.0	0.0	0.0	0.0	0.0	0.0	0.0	0.0	0.042	0.021	0.01	0.0	0.03	0.091	0.038	0.0	0.022
CPI-CS059C42E4B	TENM3_FLRT1_complex_ADGRL3	complex:TENM3_FLRT1_complex	simple:Q9HAR2		ADGRL3	False	True	True	curated	False	Ligand-Receptor	Signaling by Fibronectin	0.039	0.017	0.007	0.0	0.026	0.088	0.034	0.0	0.019	0.0	0.0	0.0	0.0	0.0	0.0	0.0	0.0	0.0	0.039	0.018	0.007	0.0	0.026	0.088	0.035	0.0	0.019	0.0	0.0	0.0	0.0	0.0	0.0	0.0	0.0	0.0	0.0	0.0	0.0	0.0	0.0	0.0	0.0	0.0	0.0	0.04	0.018	0.008	0.0	0.027	0.089	0.035	0.0	0.019	0.0	0.0	0.0	0.0	0.0	0.0	0.0	0.0	0.0	0.0	0.0	0.0	0.0	0.0	0.0	0.0	0.0	0.0	0.042	0.021	0.01	0.0	0.03	0.091	0.038	0.0	0.022
CPI-SS0474E1C15	FLRT2_ADGRL3	simple:O43155	simple:Q9HAR2	FLRT2	ADGRL3	False	False	True	curated	False	Ligand-Receptor	Signaling by Fibronectin	0.141	0.12	0.109	0.0	0.128	0.19	0.137	0.0	0.121	0.042	0.021	0.01	0.0	0.029	0.091	0.038	0.0	0.022	0.054	0.032	0.022	0.0	0.041	0.103	0.049	0.0	0.033	0.081	0.059	0.049	0.0	0.068	0.13	0.077	0.0	0.061	0.127	0.105	0.095	0.0	0.114	0.176	0.123	0.0	0.107	0.241	0.22	0.209	0.0	0.229	0.291	0.237	0.0	0.221	0.087	0.065	0.055	0.0	0.074	0.136	0.083	0.0	0.067	0.078	0.056	0.046	0.0	0.065	0.127	0.073	0.0	0.057	0.101	0.08	0.069	0.0	0.089	0.151	0.097	0.0	0.081
CPI-SS052641D5A	FLRT3_ADGRL3	simple:Q9NZU0	simple:Q9HAR2	FLRT3	ADGRL3	False	False	True	curated	False	Ligand-Receptor	Signaling by Fibronectin	0.04	0.019	0.008	0.0	0.028	0.09	0.036	0.0	0.02	0.047	0.026	0.015	0.0	0.035	0.097	0.043	0.0	0.027	0.043	0.022	0.011	0.0	0.03	0.092	0.039	0.0	0.023	0.115	0.093	0.083	0.0	0.102	0.164	0.11	0.0	0.094	0.046	0.025	0.014	0.0	0.033	0.095	0.042	0.0	0.026	0.184	0.163	0.152	0.0	0.172	0.233	0.18	0.0	0.164	0.053	0.032	0.021	0.0	0.04	0.102	0.049	0.0	0.033	0.0	0.0	0.0	0.0	0.0	0.0	0.0	0.0	0.0	0.046	0.024	0.014	0.0	0.033	0.095	0.041	0.0	0.026
CPI-CS0D62B1695	TENM3_FLRT3_complex_ADGRL3	complex:TENM3_FLRT3_complex	simple:Q9HAR2		ADGRL3	False	True	True	curated	False	Ligand-Receptor	Signaling by Fibronectin	0.04	0.019	0.008	0.0	0.028	0.09	0.036	0.0	0.02	0.047	0.026	0.015	0.0	0.035	0.097	0.043	0.0	0.027	0.043	0.022	0.011	0.0	0.03	0.092	0.039	0.0	0.023	0.0	0.0	0.0	0.0	0.0	0.0	0.0	0.0	0.0	0.046	0.025	0.014	0.0	0.033	0.095	0.042	0.0	0.026	0.183	0.162	0.151	0.0	0.17	0.232	0.179	0.0	0.163	0.053	0.032	0.021	0.0	0.04	0.102	0.049	0.0	0.033	0.0	0.0	0.0	0.0	0.0	0.0	0.0	0.0	0.0	0.046	0.024	0.014	0.0	0.033	0.095	0.041	0.0	0.026
CPI-SS038A612D7	TENM1_ADGRL3	simple:Q9UKZ4	simple:Q9HAR2	TENM1	ADGRL3	False	False	True	curated	False	Ligand-Receptor	Signaling by Teneurin	0.039	0.018	0.007	0.0	0.026	0.088	0.035	0.0	0.019	0.0	0.0	0.0	0.0	0.0	0.0	0.0	0.0	0.0	0.041	0.019	0.009	0.0	0.028	0.09	0.036	0.0	0.02	0.0	0.0	0.0	0.0	0.0	0.0	0.0	0.0	0.0	0.038	0.017	0.006	0.0	0.026	0.088	0.034	0.0	0.018	0.116	0.094	0.084	0.0	0.103	0.165	0.112	0.0	0.096	0.071	0.05	0.039	0.0	0.058	0.12	0.067	0.0	0.051	0.0	0.0	0.0	0.0	0.0	0.0	0.0	0.0	0.0	0.043	0.021	0.011	0.0	0.03	0.092	0.038	0.0	0.022
CPI-SS0BCB3D402	TENM2_ADGRL3	simple:Q9NT68	simple:Q9HAR2	TENM2	ADGRL3	False	False	True	curated	False	Ligand-Receptor	Signaling by Teneurin	0.049	0.028	0.017	0.0	0.037	0.099	0.045	0.0	0.029	0.039	0.017	0.007	0.0	0.026	0.088	0.034	0.0	0.018	0.0	0.0	0.0	0.0	0.0	0.0	0.0	0.0	0.0	0.0	0.0	0.0	0.0	0.0	0.0	0.0	0.0	0.0	0.128	0.107	0.096	0.0	0.116	0.177	0.124	0.0	0.108	0.056	0.034	0.024	0.0	0.043	0.105	0.051	0.0	0.035	0.045	0.023	0.013	0.0	0.032	0.094	0.041	0.0	0.025	0.065	0.043	0.033	0.0	0.052	0.114	0.06	0.0	0.044	0.041	0.019	0.009	0.0	0.028	0.09	0.037	0.0	0.021
CPI-SS0EA023E51	TENM3_ADGRL3	simple:Q9P273	simple:Q9HAR2	TENM3	ADGRL3	False	False	True	curated	False	Ligand-Receptor	Signaling by Teneurin	0.068	0.046	0.036	0.0	0.055	0.117	0.064	0.0	0.048	0.048	0.026	0.016	0.0	0.035	0.097	0.043	0.0	0.027	0.053	0.032	0.021	0.0	0.041	0.103	0.049	0.0	0.033	0.0	0.0	0.0	0.0	0.0	0.0	0.0	0.0	0.0	0.136	0.115	0.104	0.0	0.124	0.186	0.132	0.0	0.116	0.183	0.162	0.151	0.0	0.17	0.232	0.179	0.0	0.163	0.071	0.05	0.039	0.0	0.059	0.121	0.067	0.0	0.051	0.049	0.027	0.017	0.0	0.036	0.098	0.045	0.0	0.029	0.053	0.032	0.021	0.0	0.04	0.102	0.049	0.0	0.033
CPI-SS01F00A48A	TENM4_ADGRL3	simple:Q6N022	simple:Q9HAR2	TENM4	ADGRL3	False	False	True	curated	False	Ligand-Receptor	Signaling by Teneurin	0.064	0.043	0.032	0.0	0.051	0.113	0.06	0.0	0.044	0.039	0.017	0.007	0.0	0.026	0.088	0.034	0.0	0.018	0.042	0.02	0.01	0.0	0.029	0.091	0.037	0.0	0.021	0.041	0.019	0.009	0.0	0.028	0.09	0.037	0.0	0.021	0.071	0.049	0.039	0.0	0.058	0.12	0.066	0.0	0.05	0.094	0.072	0.062	0.0	0.081	0.143	0.09	0.0	0.074	0.051	0.029	0.019	0.0	0.038	0.1	0.046	0.0	0.03	0.0	0.0	0.0	0.0	0.0	0.0	0.0	0.0	0.0	0.053	0.032	0.021	0.0	0.04	0.102	0.049	0.0	0.033
CPI-SS08BFFB96E	FLRT3_ADGRL2	simple:Q9NZU0	simple:O95490	FLRT3	ADGRL2	False	False	True	curated	False	Ligand-Receptor	Signaling by Fibronectin	0.031	0.313	0.257	0.049	0.247	0.257	0.162	0.138	0.03	0.038	0.32	0.264	0.056	0.254	0.264	0.169	0.145	0.037	0.034	0.316	0.259	0.052	0.249	0.26	0.165	0.141	0.033	0.106	0.387	0.331	0.123	0.321	0.331	0.237	0.213	0.104	0.037	0.319	0.262	0.055	0.253	0.263	0.168	0.144	0.036	0.175	0.457	0.401	0.193	0.391	0.401	0.306	0.282	0.174	0.044	0.325	0.269	0.062	0.259	0.27	0.175	0.151	0.043	0.0	0.0	0.0	0.0	0.0	0.0	0.0	0.0	0.0	0.037	0.318	0.262	0.054	0.252	0.262	0.168	0.144	0.035
CPI-CS049AAD8F5	TENM2_FLRT3_complex_ADGRL2	complex:TENM2_FLRT3_complex	simple:O95490		ADGRL2	False	True	True	curated	False	Ligand-Receptor	Signaling by Fibronectin	0.031	0.313	0.257	0.049	0.247	0.257	0.162	0.138	0.03	0.03	0.311	0.255	0.047	0.245	0.255	0.161	0.137	0.028	0.0	0.0	0.0	0.0	0.0	0.0	0.0	0.0	0.0	0.0	0.0	0.0	0.0	0.0	0.0	0.0	0.0	0.0	0.037	0.319	0.262	0.055	0.253	0.263	0.168	0.144	0.036	0.047	0.328	0.272	0.064	0.262	0.272	0.178	0.154	0.045	0.036	0.317	0.261	0.053	0.251	0.261	0.167	0.143	0.034	0.0	0.0	0.0	0.0	0.0	0.0	0.0	0.0	0.0	0.032	0.313	0.257	0.049	0.247	0.257	0.163	0.139	0.03
CPI-SS083BB1EB3	TENM1_ADGRL2	simple:Q9UKZ4	simple:O95490	TENM1	ADGRL2	False	False	True	curated	False	Ligand-Receptor	Signaling by Teneurin	0.03	0.312	0.255	0.048	0.245	0.256	0.161	0.137	0.029	0.0	0.0	0.0	0.0	0.0	0.0	0.0	0.0	0.0	0.032	0.313	0.257	0.049	0.247	0.257	0.163	0.139	0.03	0.0	0.0	0.0	0.0	0.0	0.0	0.0	0.0	0.0	0.03	0.311	0.255	0.047	0.245	0.255	0.16	0.136	0.028	0.107	0.388	0.332	0.124	0.322	0.332	0.238	0.214	0.105	0.062	0.344	0.287	0.08	0.278	0.288	0.193	0.169	0.061	0.0	0.0	0.0	0.0	0.0	0.0	0.0	0.0	0.0	0.034	0.315	0.259	0.051	0.249	0.259	0.165	0.141	0.032
CPI-SS021718DBF	TENM2_ADGRL2	simple:Q9NT68	simple:O95490	TENM2	ADGRL2	False	False	True	curated	False	Ligand-Receptor	Signaling by Teneurin	0.04	0.322	0.266	0.058	0.256	0.266	0.171	0.147	0.039	0.03	0.311	0.255	0.047	0.245	0.255	0.161	0.137	0.028	0.0	0.0	0.0	0.0	0.0	0.0	0.0	0.0	0.0	0.0	0.0	0.0	0.0	0.0	0.0	0.0	0.0	0.0	0.119	0.401	0.345	0.137	0.335	0.345	0.25	0.226	0.118	0.047	0.328	0.272	0.064	0.262	0.272	0.178	0.154	0.045	0.036	0.317	0.261	0.053	0.251	0.261	0.167	0.143	0.034	0.056	0.337	0.281	0.073	0.271	0.281	0.187	0.163	0.054	0.032	0.313	0.257	0.049	0.247	0.257	0.163	0.139	0.03
CPI-SS075F456AF	TENM3_ADGRL2	simple:Q9P273	simple:O95490	TENM3	ADGRL2	False	False	True	curated	False	Ligand-Receptor	Signaling by Teneurin	0.059	0.34	0.284	0.076	0.274	0.284	0.19	0.166	0.057	0.039	0.32	0.264	0.056	0.254	0.264	0.17	0.146	0.037	0.044	0.326	0.27	0.062	0.26	0.27	0.175	0.151	0.043	0.0	0.0	0.0	0.0	0.0	0.0	0.0	0.0	0.0	0.127	0.409	0.353	0.145	0.343	0.353	0.258	0.234	0.126	0.174	0.456	0.399	0.192	0.389	0.4	0.305	0.281	0.173	0.062	0.344	0.288	0.08	0.278	0.288	0.193	0.169	0.061	0.04	0.321	0.265	0.057	0.255	0.265	0.171	0.147	0.038	0.044	0.326	0.27	0.062	0.26	0.27	0.175	0.151	0.043
CPI-SS0FD44484F	TENM4_ADGRL2	simple:Q6N022	simple:O95490	TENM4	ADGRL2	False	False	True	curated	False	Ligand-Receptor	Signaling by Teneurin	0.055	0.337	0.28	0.073	0.271	0.281	0.186	0.162	0.054	0.03	0.311	0.255	0.047	0.245	0.255	0.161	0.137	0.028	0.033	0.314	0.258	0.05	0.248	0.258	0.164	0.14	0.031	0.032	0.313	0.257	0.049	0.247	0.257	0.163	0.139	0.03	0.062	0.343	0.287	0.079	0.277	0.287	0.193	0.169	0.06	0.085	0.366	0.31	0.102	0.3	0.31	0.216	0.192	0.083	0.042	0.323	0.267	0.059	0.257	0.267	0.173	0.149	0.04	0.0	0.0	0.0	0.0	0.0	0.0	0.0	0.0	0.0	0.044	0.326	0.27	0.062	0.26	0.27	0.175	0.151	0.043
CPI-SS0DE3B267F	GHRL_GHSR	simple:Q9UBU3	simple:Q92847	GHRL	GHSR	True	False	True	curated	False	Ligand-Receptor	Signaling by Growth hormone-releasing hormone	0.0	0.0	0.0	0.0	0.0	0.004	0.0	0.0	0.0	0.0	0.0	0.0	0.0	0.0	0.007	0.0	0.0	0.0	0.0	0.0	0.0	0.0	0.0	0.019	0.0	0.0	0.0	0.0	0.0	0.0	0.0	0.0	0.005	0.0	0.0	0.0	0.0	0.0	0.0	0.0	0.0	0.006	0.0	0.0	0.0	0.0	0.0	0.0	0.0	0.0	0.006	0.0	0.0	0.0	0.0	0.0	0.0	0.0	0.0	0.007	0.0	0.0	0.0	0.0	0.0	0.0	0.0	0.0	0.033	0.0	0.0	0.0	0.0	0.0	0.0	0.0	0.0	0.006	0.0	0.0	0.0
CPI-SS09F7A6011	PENK_GHSR	simple:P01210	simple:Q92847	PENK	GHSR	True	False	True	curated	False	Ligand-Receptor		0.0	0.0	0.0	0.0	0.0	0.002	0.0	0.0	0.0	0.0	0.0	0.0	0.0	0.0	0.005	0.0	0.0	0.0	0.0	0.0	0.0	0.0	0.0	0.0	0.0	0.0	0.0	0.0	0.0	0.0	0.0	0.0	0.004	0.0	0.0	0.0	0.0	0.0	0.0	0.0	0.0	0.198	0.0	0.0	0.0	0.0	0.0	0.0	0.0	0.0	0.04	0.0	0.0	0.0	0.0	0.0	0.0	0.0	0.0	0.003	0.0	0.0	0.0	0.0	0.0	0.0	0.0	0.0	0.0	0.0	0.0	0.0	0.0	0.0	0.0	0.0	0.0	0.017	0.0	0.0	0.0
CPI-CS0215886EA	LTC4_byLTC4S_CYSLTR1	complex:LTC4_byLTC4S	simple:Q9Y271		CYSLTR1	True	False	True	curated	False	Ligand-Receptor	Signaling by Lipoxin/Leukotriene	0.017	0.211	0.102	0.019	0.019	0.028	0.049	0.0	0.02	0.002	0.196	0.087	0.004	0.004	0.013	0.034	0.0	0.005	0.0	0.0	0.0	0.0	0.0	0.0	0.0	0.0	0.0	0.043	0.237	0.128	0.045	0.045	0.054	0.075	0.0	0.046	0.007	0.201	0.092	0.009	0.009	0.018	0.039	0.0	0.01	0.003	0.197	0.088	0.005	0.006	0.014	0.035	0.0	0.007	0.004	0.197	0.088	0.005	0.006	0.014	0.036	0.0	0.007	0.01	0.204	0.095	0.012	0.012	0.021	0.042	0.0	0.013	0.015	0.209	0.1	0.017	0.017	0.026	0.047	0.0	0.018
CPI-SS027E12A36	MDK_PTPRZ1	simple:P21741	simple:P23471	MDK	PTPRZ1	True	False	False	curated	False	Ligand-Receptor	Signaling by Midkine	0.505	0.0	0.0	0.0	0.506	0.509	0.506	0.0	0.0	0.08	0.0	0.0	0.0	0.081	0.084	0.08	0.0	0.0	0.156	0.0	0.0	0.0	0.156	0.159	0.156	0.0	0.0	0.67	0.0	0.0	0.0	0.671	0.674	0.671	0.0	0.0	0.858	0.0	0.0	0.0	0.859	0.862	0.858	0.0	0.0	1.24	0.0	0.0	0.0	1.241	1.244	1.24	0.0	0.0	0.669	0.0	0.0	0.0	0.67	0.673	0.669	0.0	0.0	0.514	0.0	0.0	0.0	0.514	0.517	0.514	0.0	0.0	0.228	0.0	0.0	0.0	0.228	0.231	0.228	0.0	0.0
CPI-SS04E690D72	PTN_PTPRZ1	simple:P21246	simple:P23471	PTN	PTPRZ1	True	False	False	curated	False	Ligand-Receptor	Signaling by Pleiotrophin	0.252	0.0	0.0	0.0	0.253	0.256	0.253	0.0	0.0	0.017	0.0	0.0	0.0	0.018	0.021	0.018	0.0	0.0	0.041	0.0	0.0	0.0	0.042	0.045	0.042	0.0	0.0	0.026	0.0	0.0	0.0	0.027	0.03	0.026	0.0	0.0	0.476	0.0	0.0	0.0	0.477	0.48	0.477	0.0	0.0	0.624	0.0	0.0	0.0	0.625	0.628	0.625	0.0	0.0	0.158	0.0	0.0	0.0	0.159	0.162	0.158	0.0	0.0	0.253	0.0	0.0	0.0	0.253	0.256	0.253	0.0	0.0	0.113	0.0	0.0	0.0	0.114	0.117	0.114	0.0	0.0
CPI-SS0730D1EF3	CNTN1_MCAM	simple:Q12860	simple:P43121	CNTN1	MCAM	False	False	False	curated	False	Adhesion-Adhesion		0.116	0.64	0.641	0.018	0.142	0.078	0.607	0.848	0.092	0.109	0.633	0.634	0.011	0.135	0.071	0.6	0.841	0.085	0.112	0.636	0.637	0.014	0.138	0.074	0.603	0.844	0.088	0.108	0.633	0.633	0.01	0.134	0.07	0.599	0.841	0.084	0.113	0.638	0.638	0.015	0.139	0.076	0.605	0.846	0.089	0.185	0.709	0.71	0.087	0.211	0.147	0.676	0.917	0.16	0.123	0.648	0.649	0.026	0.15	0.086	0.615	0.856	0.099	0.0	0.0	0.0	0.0	0.0	0.0	0.0	0.0	0.0	0.0	0.0	0.0	0.0	0.0	0.0	0.0	0.0	0.0
CPI-SS007AA9FDE	DLK1_NOTCH3	simple:P80370	simple:Q9UM47	DLK1	NOTCH3	False	False	True	curated	False	Ligand-Receptor	Signaling by Notch	0.044	0.035	0.053	0.03	0.167	0.111	0.354	0.417	0.044	0.087	0.077	0.096	0.072	0.209	0.153	0.397	0.459	0.086	0.084	0.074	0.093	0.069	0.206	0.15	0.394	0.456	0.083	1.341	1.331	1.35	1.326	1.463	1.407	1.651	1.713	1.34	0.719	0.71	0.728	0.705	0.842	0.786	1.029	1.092	0.719	0.471	0.462	0.48	0.457	0.594	0.538	0.781	0.844	0.471	0.203	0.194	0.212	0.189	0.326	0.27	0.513	0.576	0.203	0.176	0.166	0.185	0.161	0.298	0.242	0.486	0.548	0.175	0.098	0.088	0.107	0.083	0.22	0.164	0.408	0.47	0.097
CPI-SS0B99F22A2	JAG1_NOTCH3	simple:P78504	simple:Q9UM47	JAG1	NOTCH3	False	False	True	curated	False	Ligand-Receptor	Signaling by Notch	0.123	0.114	0.132	0.109	0.246	0.19	0.433	0.496	0.123	0.198	0.188	0.207	0.183	0.32	0.264	0.508	0.57	0.197	0.162	0.153	0.171	0.147	0.284	0.229	0.472	0.535	0.162	0.081	0.072	0.09	0.067	0.204	0.148	0.391	0.454	0.081	0.28	0.271	0.289	0.266	0.403	0.347	0.59	0.653	0.28	0.126	0.116	0.135	0.111	0.248	0.192	0.436	0.498	0.125	0.273	0.264	0.282	0.259	0.396	0.34	0.583	0.646	0.273	0.484	0.474	0.493	0.469	0.606	0.55	0.794	0.856	0.483	0.089	0.08	0.098	0.074	0.211	0.156	0.399	0.462	0.089
CPI-SS0263EFDDF	JAG2_NOTCH3	simple:Q9Y219	simple:Q9UM47	JAG2	NOTCH3	False	False	True	curated	False	Ligand-Receptor	Signaling by Notch	0.055	0.045	0.064	0.04	0.177	0.121	0.365	0.427	0.054	0.188	0.179	0.197	0.173	0.31	0.255	0.498	0.561	0.188	0.164	0.155	0.173	0.149	0.286	0.231	0.474	0.537	0.164	0.032	0.023	0.041	0.018	0.155	0.099	0.342	0.405	0.032	0.033	0.024	0.042	0.018	0.155	0.1	0.343	0.406	0.033	0.03	0.02	0.039	0.015	0.152	0.096	0.34	0.402	0.029	0.029	0.019	0.038	0.014	0.151	0.095	0.339	0.401	0.028	0.0	0.0	0.0	0.0	0.0	0.0	0.0	0.0	0.0	0.043	0.034	0.052	0.028	0.165	0.11	0.353	0.416	0.043
CPI-SS0D37C7C70	DLK1_NOTCH4	simple:P80370	simple:Q99466	DLK1	NOTCH4	False	False	True	curated	False	Ligand-Receptor	Signaling by Notch	0.026	0.383	0.369	0.024	0.026	0.023	0.023	0.0	0.036	0.069	0.426	0.411	0.066	0.068	0.065	0.065	0.0	0.078	0.066	0.423	0.408	0.063	0.065	0.062	0.062	0.0	0.075	1.323	1.68	1.665	1.32	1.322	1.319	1.32	0.0	1.332	0.701	1.058	1.044	0.698	0.701	0.698	0.698	0.0	0.711	0.453	0.81	0.796	0.451	0.453	0.45	0.45	0.0	0.463	0.185	0.542	0.528	0.182	0.184	0.182	0.182	0.0	0.195	0.158	0.515	0.5	0.155	0.157	0.154	0.155	0.0	0.167	0.08	0.437	0.422	0.077	0.079	0.076	0.076	0.0	0.089
CPI-SS0837E9F59	JAG1_NOTCH4	simple:P78504	simple:Q99466	JAG1	NOTCH4	False	False	True	curated	False	Ligand-Receptor	Signaling by Notch	0.106	0.462	0.448	0.103	0.105	0.102	0.102	0.0	0.115	0.18	0.537	0.522	0.177	0.179	0.176	0.177	0.0	0.189	0.144	0.501	0.487	0.141	0.143	0.14	0.141	0.0	0.153	0.063	0.42	0.406	0.061	0.063	0.06	0.06	0.0	0.073	0.262	0.619	0.605	0.259	0.261	0.259	0.259	0.0	0.272	0.108	0.465	0.45	0.105	0.107	0.104	0.104	0.0	0.117	0.255	0.612	0.598	0.252	0.254	0.252	0.252	0.0	0.265	0.466	0.823	0.808	0.463	0.465	0.462	0.462	0.0	0.475	0.071	0.428	0.414	0.068	0.07	0.067	0.068	0.0	0.08
CPI-SS096F3E0F2	JAG2_NOTCH4	simple:Q9Y219	simple:Q99466	JAG2	NOTCH4	False	False	True	curated	False	Ligand-Receptor	Signaling by Notch	0.037	0.394	0.379	0.034	0.036	0.033	0.033	0.0	0.046	0.17	0.527	0.513	0.167	0.169	0.167	0.167	0.0	0.18	0.146	0.503	0.489	0.143	0.145	0.142	0.143	0.0	0.155	0.014	0.371	0.357	0.012	0.014	0.011	0.011	0.0	0.024	0.015	0.372	0.358	0.012	0.014	0.011	0.012	0.0	0.024	0.012	0.369	0.354	0.009	0.011	0.008	0.009	0.0	0.021	0.011	0.368	0.353	0.008	0.01	0.007	0.008	0.0	0.02	0.0	0.0	0.0	0.0	0.0	0.0	0.0	0.0	0.0	0.025	0.382	0.368	0.022	0.024	0.022	0.022	0.0	0.035
CPI-SS0D1EF9598	PENK_OPRK1	simple:P01210	simple:P41145	PENK	OPRK1	True	False	True	curated	False	Ligand-Receptor	Signaling by Opioid	0.0	0.0	0.003	0.0	0.0	0.018	0.0	0.0	0.0	0.0	0.0	0.007	0.0	0.0	0.022	0.0	0.0	0.0	0.0	0.0	0.0	0.0	0.0	0.0	0.0	0.0	0.0	0.0	0.0	0.006	0.0	0.0	0.021	0.0	0.0	0.0	0.0	0.0	0.199	0.0	0.0	0.214	0.0	0.0	0.0	0.0	0.0	0.041	0.0	0.0	0.056	0.0	0.0	0.0	0.0	0.0	0.004	0.0	0.0	0.019	0.0	0.0	0.0	0.0	0.0	0.0	0.0	0.0	0.0	0.0	0.0	0.0	0.0	0.0	0.019	0.0	0.0	0.034	0.0	0.0	0.0
CPI-SS0D97012FB	PENK_OPRM1	simple:P01210	simple:P35372	PENK	OPRM1	True	False	True	curated	False	Ligand-Receptor	Signaling by Opioid	0.0	0.0	0.0	0.0	0.002	0.0	0.002	0.0	0.0	0.0	0.0	0.0	0.0	0.005	0.0	0.006	0.0	0.0	0.0	0.0	0.0	0.0	0.0	0.0	0.0	0.0	0.0	0.0	0.0	0.0	0.0	0.004	0.0	0.004	0.0	0.0	0.0	0.0	0.0	0.0	0.198	0.0	0.198	0.0	0.0	0.0	0.0	0.0	0.0	0.04	0.0	0.04	0.0	0.0	0.0	0.0	0.0	0.0	0.003	0.0	0.003	0.0	0.0	0.0	0.0	0.0	0.0	0.0	0.0	0.0	0.0	0.0	0.0	0.0	0.0	0.0	0.017	0.0	0.017	0.0	0.0
CPI-SS0133239EA	ADCYAP1_ADCYAP1R1	simple:P18509	simple:P41586	ADCYAP1	ADCYAP1R1	True	False	True	curated	False	Ligand-Receptor	Signaling by Pituitary adenylate	0.0	0.0	0.0	0.0	0.0	0.0	0.0	0.0	0.0	0.0	0.0	0.0	0.0	0.0	0.0	0.0	0.0	0.0	0.0	0.0	0.0	0.0	0.0	0.0	0.0	0.0	0.0	0.0	0.0	0.0	0.0	0.0	0.0	0.0	0.0	0.0	0.0	0.0	0.0	0.0	0.0	0.0	0.0	0.0	0.0	0.003	0.005	0.0	0.0	0.003	0.007	0.004	0.012	0.0	0.0	0.0	0.0	0.0	0.0	0.0	0.0	0.0	0.0	0.0	0.0	0.0	0.0	0.0	0.0	0.0	0.0	0.0	0.0	0.0	0.0	0.0	0.0	0.0	0.0	0.0	0.0
CPI-SS06102CC06	VIP_ADCYAP1R1	simple:P01282	simple:P41586	VIP	ADCYAP1R1	True	False	True	curated	False	Ligand-Receptor	Signaling by Vasoactive Intestinal Peptide	0.0	0.0	0.0	0.0	0.0	0.0	0.0	0.0	0.0	0.003	0.005	0.0	0.0	0.003	0.007	0.004	0.012	0.0	0.007	0.009	0.0	0.0	0.008	0.012	0.008	0.017	0.0	0.0	0.0	0.0	0.0	0.0	0.0	0.0	0.0	0.0	0.0	0.0	0.0	0.0	0.0	0.0	0.0	0.0	0.0	0.011	0.013	0.0	0.0	0.011	0.015	0.012	0.02	0.0	0.001	0.003	0.0	0.0	0.002	0.006	0.003	0.011	0.0	0.0	0.0	0.0	0.0	0.0	0.0	0.0	0.0	0.0	0.0	0.0	0.0	0.0	0.0	0.0	0.0	0.0	0.0
CPI-SS07361522F	PGF_FLT1	simple:P49763	simple:P17948	PGF	FLT1	True	False	True	curated	False	Ligand-Receptor	Signaling by Placenta growth factor	0.036	1.571	1.332	0.035	0.315	0.102	0.457	0.438	0.047	0.26	1.795	1.556	0.259	0.539	0.327	0.681	0.662	0.272	0.503	2.038	1.799	0.502	0.782	0.569	0.924	0.905	0.514	0.034	1.569	1.329	0.033	0.312	0.1	0.454	0.435	0.045	0.085	1.62	1.381	0.084	0.364	0.151	0.506	0.487	0.096	0.093	1.628	1.388	0.092	0.372	0.159	0.514	0.495	0.104	0.263	1.798	1.558	0.262	0.542	0.329	0.684	0.665	0.274	0.209	1.744	1.505	0.209	0.488	0.276	0.63	0.611	0.221	0.054	1.589	1.349	0.053	0.333	0.12	0.475	0.456	0.065
CPI-SS0B9B3870A	VEGFA_FLT1	simple:P15692	simple:P17948	VEGFA	FLT1	True	False	True	curated	False	Ligand-Receptor	Signaling by Vascular endothelial growth factor	0.327	1.862	1.622	0.326	0.606	0.393	0.747	0.728	0.338	0.094	1.629	1.389	0.093	0.373	0.16	0.515	0.496	0.105	0.065	1.6	1.36	0.064	0.344	0.131	0.485	0.466	0.076	0.471	2.006	1.767	0.47	0.75	0.537	0.892	0.873	0.482	0.256	1.79	1.551	0.255	0.534	0.322	0.676	0.657	0.267	0.172	1.707	1.468	0.171	0.451	0.238	0.593	0.574	0.183	0.15	1.685	1.445	0.149	0.429	0.216	0.571	0.552	0.161	0.074	1.609	1.369	0.073	0.353	0.14	0.494	0.475	0.085	0.364	1.899	1.659	0.363	0.643	0.43	0.785	0.766	0.375
CPI-SC0B51DC960	PGF_FLT1_complex	simple:P49763	complex:FLT1_complex	PGF		True	False	True	curated	False	Ligand-Receptor	Signaling by Placenta growth factor	0.036	0.948	0.904	0.021	0.097	0.045	0.013	0.0	0.047	0.26	1.172	1.128	0.245	0.321	0.269	0.238	0.0	0.272	0.503	1.415	1.371	0.488	0.564	0.512	0.48	0.0	0.514	0.034	0.946	0.901	0.018	0.095	0.042	0.011	0.0	0.045	0.085	0.997	0.953	0.07	0.146	0.094	0.062	0.0	0.096	0.093	1.005	0.961	0.078	0.154	0.102	0.07	0.0	0.104	0.263	1.175	1.13	0.247	0.324	0.272	0.24	0.0	0.274	0.209	1.122	1.077	0.194	0.27	0.218	0.187	0.0	0.221	0.054	0.966	0.921	0.038	0.115	0.063	0.031	0.0	0.065
CPI-SC0AFC650CD	VEGFA_FLT1_complex	simple:P15692	complex:FLT1_complex	VEGFA		True	False	True	curated	False	Ligand-Receptor	Signaling by Vascular endothelial growth factor	0.327	1.239	1.194	0.311	0.388	0.336	0.304	0.0	0.338	0.094	1.006	0.961	0.079	0.155	0.103	0.071	0.0	0.105	0.065	0.977	0.932	0.049	0.126	0.073	0.042	0.0	0.076	0.471	1.383	1.339	0.456	0.532	0.48	0.448	0.0	0.482	0.256	1.168	1.123	0.24	0.317	0.264	0.233	0.0	0.267	0.172	1.084	1.04	0.157	0.233	0.181	0.149	0.0	0.183	0.15	1.062	1.017	0.135	0.211	0.159	0.127	0.0	0.161	0.074	0.986	0.941	0.058	0.135	0.083	0.051	0.0	0.085	0.364	1.276	1.231	0.348	0.425	0.373	0.341	0.0	0.375
CPI-SS01790830C	PGF_NRP1	simple:P49763	simple:O14786	PGF	NRP1	True	False	True	curated	False	Ligand-Receptor	Signaling by Placenta growth factor	0.171	0.631	0.56	0.041	0.188	0.266	0.223	0.149	0.1	0.396	0.856	0.785	0.265	0.412	0.49	0.447	0.373	0.324	0.638	1.098	1.027	0.507	0.654	0.733	0.69	0.616	0.567	0.169	0.629	0.558	0.038	0.185	0.263	0.221	0.146	0.097	0.221	0.68	0.609	0.09	0.237	0.315	0.272	0.198	0.149	0.228	0.688	0.617	0.097	0.244	0.323	0.28	0.205	0.157	0.398	0.858	0.787	0.267	0.414	0.493	0.45	0.375	0.326	0.345	0.805	0.734	0.214	0.361	0.439	0.396	0.322	0.273	0.189	0.649	0.578	0.058	0.205	0.284	0.241	0.166	0.118
CPI-SS034083FFA	SEMA3A_NRP1	simple:Q14563	simple:O14786	SEMA3A	NRP1	True	False	True	curated	False	Ligand-Receptor	Signaling by Semaphorin	0.279	0.739	0.668	0.148	0.295	0.374	0.331	0.256	0.207	0.178	0.638	0.567	0.047	0.194	0.272	0.229	0.155	0.106	0.169	0.629	0.558	0.038	0.185	0.264	0.221	0.146	0.097	0.175	0.635	0.564	0.044	0.191	0.269	0.226	0.152	0.103	0.219	0.679	0.608	0.088	0.235	0.314	0.271	0.197	0.148	0.277	0.737	0.666	0.146	0.293	0.372	0.329	0.254	0.206	0.2	0.659	0.588	0.069	0.216	0.294	0.251	0.177	0.128	0.192	0.652	0.581	0.061	0.208	0.287	0.244	0.169	0.121	0.224	0.684	0.613	0.093	0.24	0.319	0.276	0.201	0.152
CPI-SS043E22BF5	VEGFA_NRP1	simple:P15692	simple:O14786	VEGFA	NRP1	True	False	True	curated	False	Ligand-Receptor	Signaling by Vascular endothelial growth factor	0.462	0.922	0.851	0.331	0.478	0.557	0.514	0.439	0.39	0.229	0.689	0.618	0.098	0.245	0.324	0.281	0.206	0.158	0.2	0.66	0.589	0.069	0.216	0.294	0.252	0.177	0.128	0.607	1.066	0.995	0.476	0.623	0.701	0.658	0.584	0.535	0.391	0.851	0.78	0.26	0.407	0.485	0.443	0.368	0.319	0.308	0.767	0.696	0.177	0.324	0.402	0.359	0.285	0.236	0.285	0.745	0.674	0.154	0.301	0.38	0.337	0.262	0.214	0.209	0.669	0.598	0.078	0.225	0.304	0.261	0.186	0.137	0.499	0.959	0.888	0.368	0.515	0.594	0.551	0.476	0.428
CPI-SS065D9259F	PGF_NRP2	simple:P49763	simple:O60462	PGF	NRP2	True	False	True	curated	False	Ligand-Receptor	Signaling by Placenta growth factor	0.215	0.721	0.485	0.028	0.123	0.447	0.067	0.135	0.095	0.439	0.946	0.709	0.252	0.347	0.671	0.291	0.36	0.319	0.681	1.188	0.952	0.495	0.59	0.914	0.534	0.602	0.562	0.212	0.719	0.482	0.026	0.12	0.445	0.065	0.133	0.092	0.264	0.771	0.534	0.077	0.172	0.496	0.116	0.184	0.144	0.271	0.778	0.542	0.085	0.18	0.504	0.124	0.192	0.152	0.441	0.948	0.711	0.255	0.35	0.674	0.294	0.362	0.322	0.388	0.895	0.658	0.202	0.296	0.62	0.24	0.309	0.268	0.232	0.739	0.502	0.046	0.141	0.465	0.085	0.153	0.113
CPI-SS046F8AD8B	VEGFA_NRP2	simple:P15692	simple:O60462	VEGFA	NRP2	True	False	True	curated	False	Ligand-Receptor	Signaling by Vascular endothelial growth factor	0.505	1.012	0.775	0.319	0.414	0.738	0.358	0.426	0.386	0.272	0.779	0.543	0.086	0.181	0.505	0.125	0.193	0.153	0.243	0.75	0.513	0.057	0.151	0.476	0.096	0.164	0.124	0.65	1.157	0.92	0.463	0.558	0.882	0.502	0.57	0.53	0.434	0.941	0.704	0.248	0.342	0.666	0.287	0.355	0.314	0.351	0.857	0.621	0.164	0.259	0.583	0.203	0.271	0.231	0.328	0.835	0.599	0.142	0.237	0.561	0.181	0.249	0.209	0.252	0.759	0.522	0.066	0.161	0.485	0.105	0.173	0.133	0.542	1.049	0.812	0.356	0.451	0.775	0.395	0.463	0.423
CPI-SS0B70EB09E	PDGFA_PDGFRA	simple:P04085	simple:P16234	PDGFA	PDGFRA	True	False	True	curated	False	Ligand-Receptor	Signaling by Platelet-derived growth factor	0.047	0.048	0.068	0.045	0.265	0.553	0.301	0.066	0.041	0.351	0.352	0.372	0.349	0.569	0.857	0.605	0.37	0.345	0.197	0.198	0.218	0.195	0.415	0.703	0.451	0.216	0.191	0.031	0.031	0.051	0.029	0.249	0.536	0.284	0.05	0.025	0.207	0.208	0.228	0.205	0.425	0.713	0.461	0.226	0.201	0.057	0.058	0.078	0.055	0.275	0.563	0.311	0.076	0.051	0.509	0.51	0.53	0.507	0.727	1.015	0.763	0.528	0.503	0.561	0.562	0.582	0.559	0.779	1.067	0.815	0.58	0.555	0.034	0.035	0.055	0.032	0.252	0.54	0.288	0.053	0.028
CPI-SS0666DE74B	NPY_NPY1R	simple:P01303	simple:P25929	NPY	NPY1R	True	False	True	curated	False	Ligand-Receptor	Signaling by Pro-neuregulin	0.027	0.003	0.009	0.003	0.015	0.177	0.099	0.057	0.009	0.0	0.0	0.0	0.0	0.0	0.0	0.0	0.0	0.0	0.0	0.0	0.0	0.0	0.0	0.0	0.0	0.0	0.0	0.0	0.0	0.0	0.0	0.0	0.0	0.0	0.0	0.0	0.054	0.031	0.036	0.03	0.042	0.204	0.126	0.084	0.036	0.032	0.008	0.014	0.008	0.02	0.182	0.103	0.061	0.013	0.0	0.0	0.0	0.0	0.0	0.0	0.0	0.0	0.0	0.0	0.0	0.0	0.0	0.0	0.0	0.0	0.0	0.0	0.0	0.0	0.0	0.0	0.0	0.0	0.0	0.0	0.0
CPI-CS058DED3AA	ProstaglandinF2a_byAKR1B1_PTGFR	complex:ProstaglandinF2a_byAKR1B1	simple:P43088		PTGFR	True	False	True	curated	False	Ligand-Receptor	Signaling by Prostaglandin	0.41	0.0	0.403	0.0	0.401	0.442	0.402	0.41	0.403	0.178	0.0	0.17	0.0	0.168	0.209	0.169	0.178	0.17	0.178	0.0	0.17	0.0	0.168	0.209	0.169	0.178	0.17	0.028	0.0	0.021	0.0	0.019	0.06	0.02	0.029	0.021	0.197	0.0	0.19	0.0	0.188	0.229	0.189	0.197	0.19	0.083	0.0	0.076	0.0	0.074	0.115	0.074	0.083	0.076	0.057	0.0	0.049	0.0	0.047	0.088	0.048	0.057	0.049	0.112	0.0	0.105	0.0	0.103	0.144	0.103	0.112	0.105	0.16	0.0	0.153	0.0	0.151	0.192	0.151	0.16	0.153
CPI-CS0D78DAC70	ProstaglandinD2_byAKR1C3_PTGFR	complex:ProstaglandinD2_byAKR1C3	simple:P43088		PTGFR	True	False	True	curated	False	Ligand-Receptor	Signaling by Prostaglandin	0.057	0.0	0.05	0.0	0.048	0.089	0.049	0.057	0.05	0.014	0.0	0.007	0.0	0.005	0.046	0.005	0.014	0.007	0.024	0.0	0.017	0.0	0.015	0.056	0.015	0.024	0.017	0.247	0.0	0.239	0.0	0.237	0.278	0.238	0.247	0.24	0.024	0.0	0.016	0.0	0.014	0.055	0.015	0.024	0.016	0.048	0.0	0.041	0.0	0.039	0.08	0.039	0.048	0.041	0.041	0.0	0.034	0.0	0.032	0.073	0.032	0.041	0.034	0.045	0.0	0.038	0.0	0.036	0.076	0.036	0.045	0.038	0.027	0.0	0.02	0.0	0.018	0.059	0.018	0.027	0.02
CPI-CS09DCEBC2B	ProstaglandinE2_byPTGES_PTGER1	complex:ProstaglandinE2_byPTGES	simple:P34995		PTGER1	True	False	True	curated	False	Ligand-Receptor	Signaling by Prostaglandin	0.002	0.004	0.003	0.0	0.003	0.002	0.002	0.0	0.0	0.0	0.0	0.0	0.0	0.0	0.0	0.0	0.0	0.0	0.004	0.006	0.005	0.0	0.005	0.004	0.004	0.0	0.0	0.0	0.0	0.0	0.0	0.0	0.0	0.0	0.0	0.0	0.006	0.008	0.007	0.0	0.007	0.006	0.006	0.0	0.0	0.041	0.043	0.042	0.0	0.042	0.041	0.041	0.0	0.0	0.01	0.012	0.011	0.0	0.011	0.01	0.01	0.0	0.0	0.007	0.009	0.008	0.0	0.008	0.007	0.007	0.0	0.0	0.0	0.0	0.0	0.0	0.0	0.0	0.0	0.0	0.0
CPI-CS0F0453B03	ProstaglandinE2_byPTGES_PTGER2	complex:ProstaglandinE2_byPTGES	simple:P43116		PTGER2	True	False	True	curated	False	Ligand-Receptor	Signaling by Prostaglandin	0.001	0.002	0.0	0.0	0.003	0.008	0.022	0.0	0.0	0.0	0.0	0.0	0.0	0.0	0.0	0.0	0.0	0.0	0.003	0.004	0.0	0.0	0.005	0.01	0.024	0.0	0.0	0.0	0.0	0.0	0.0	0.0	0.0	0.0	0.0	0.0	0.005	0.006	0.0	0.0	0.007	0.012	0.026	0.0	0.0	0.04	0.041	0.0	0.0	0.042	0.047	0.061	0.0	0.0	0.009	0.01	0.0	0.0	0.011	0.016	0.03	0.0	0.0	0.006	0.007	0.0	0.0	0.008	0.013	0.027	0.0	0.0	0.0	0.0	0.0	0.0	0.0	0.0	0.0	0.0	0.0
CPI-CS080C76630	ProstaglandinE2_byPTGES_PTGER3	complex:ProstaglandinE2_byPTGES	simple:P43115		PTGER3	True	False	True	curated	False	Ligand-Receptor	Signaling by Prostaglandin	0.046	0.009	0.019	0.01	0.058	0.051	0.006	0.0	0.019	0.0	0.0	0.0	0.0	0.0	0.0	0.0	0.0	0.0	0.048	0.011	0.021	0.012	0.06	0.053	0.008	0.0	0.021	0.0	0.0	0.0	0.0	0.0	0.0	0.0	0.0	0.0	0.05	0.013	0.023	0.014	0.062	0.055	0.01	0.0	0.023	0.085	0.048	0.058	0.049	0.097	0.09	0.045	0.0	0.058	0.054	0.017	0.027	0.018	0.066	0.059	0.014	0.0	0.027	0.051	0.014	0.024	0.015	0.063	0.056	0.011	0.0	0.024	0.0	0.0	0.0	0.0	0.0	0.0	0.0	0.0	0.0
CPI-CS023F349AF	ProstaglandinE2_byPTGES_PTGER4	complex:ProstaglandinE2_byPTGES	simple:P35408		PTGER4	True	False	True	curated	False	Ligand-Receptor	Signaling by Prostaglandin	0.001	0.007	0.008	0.005	0.006	0.036	0.069	0.029	0.0	0.0	0.0	0.0	0.0	0.0	0.0	0.0	0.0	0.0	0.003	0.009	0.01	0.007	0.008	0.038	0.071	0.031	0.0	0.0	0.0	0.0	0.0	0.0	0.0	0.0	0.0	0.0	0.005	0.011	0.012	0.008	0.01	0.04	0.073	0.032	0.0	0.04	0.046	0.047	0.043	0.045	0.075	0.108	0.067	0.0	0.009	0.015	0.016	0.012	0.014	0.044	0.077	0.036	0.0	0.006	0.012	0.013	0.01	0.011	0.041	0.074	0.034	0.0	0.0	0.0	0.0	0.0	0.0	0.0	0.0	0.0	0.0
CPI-SS09B2320BC	RSPO1_LGR5	simple:Q2MKA7	simple:O75473	RSPO1	LGR5	True	False	True	curated	False	Ligand-Receptor	Signaling by R-spondin	0.001	0.0	0.0	0.017	0.0	0.056	0.002	0.0	0.0	0.0	0.0	0.0	0.0	0.0	0.0	0.0	0.0	0.0	0.0	0.0	0.0	0.0	0.0	0.0	0.0	0.0	0.0	0.0	0.0	0.0	0.0	0.0	0.0	0.0	0.0	0.0	0.0	0.0	0.0	0.0	0.0	0.0	0.0	0.0	0.0	0.001	0.0	0.0	0.017	0.0	0.057	0.002	0.0	0.0	0.0	0.0	0.0	0.0	0.0	0.0	0.0	0.0	0.0	0.0	0.0	0.0	0.0	0.0	0.0	0.0	0.0	0.0	0.0	0.0	0.0	0.0	0.0	0.0	0.0	0.0	0.0
CPI-SS056D0AD0D	RSPO2_LGR5	simple:Q6UXX9	simple:O75473	RSPO2	LGR5	True	False	True	curated	False	Ligand-Receptor	Signaling by R-spondin	0.001	0.0	0.0	0.017	0.0	0.056	0.002	0.0	0.0	0.0	0.0	0.0	0.0	0.0	0.0	0.0	0.0	0.0	0.0	0.0	0.0	0.0	0.0	0.0	0.0	0.0	0.0	0.0	0.0	0.0	0.0	0.0	0.0	0.0	0.0	0.0	0.0	0.0	0.0	0.0	0.0	0.0	0.0	0.0	0.0	0.003	0.0	0.0	0.019	0.0	0.058	0.004	0.0	0.0	0.001	0.0	0.0	0.017	0.0	0.057	0.002	0.0	0.0	0.0	0.0	0.0	0.0	0.0	0.0	0.0	0.0	0.0	0.0	0.0	0.0	0.0	0.0	0.0	0.0	0.0	0.0
CPI-SS0C3906934	RSPO3_LGR5	simple:Q9BXY4	simple:O75473	RSPO3	LGR5	True	False	True	curated	False	Ligand-Receptor	Signaling by R-spondin	0.422	0.0	0.0	0.438	0.0	0.478	0.423	0.0	0.0	0.009	0.0	0.0	0.025	0.0	0.064	0.01	0.0	0.0	0.009	0.0	0.0	0.025	0.0	0.065	0.01	0.0	0.0	0.015	0.0	0.0	0.031	0.0	0.07	0.016	0.0	0.0	0.046	0.0	0.0	0.062	0.0	0.102	0.047	0.0	0.0	0.112	0.0	0.0	0.128	0.0	0.167	0.113	0.0	0.0	0.013	0.0	0.0	0.029	0.0	0.069	0.014	0.0	0.0	0.051	0.0	0.0	0.067	0.0	0.107	0.052	0.0	0.0	0.174	0.0	0.0	0.19	0.0	0.23	0.175	0.0	0.0
CPI-SS0F3A089DE	SEMA3E_PLXND1	simple:O15041	simple:Q9Y4D7	SEMA3E	PLXND1	True	False	True	curated	False	Ligand-Receptor	Signaling by Semaphorin	0.042	0.722	0.655	0.032	0.168	0.069	0.205	0.159	0.053	0.042	0.722	0.655	0.032	0.168	0.069	0.205	0.159	0.053	0.0	0.0	0.0	0.0	0.0	0.0	0.0	0.0	0.0	0.046	0.726	0.66	0.036	0.172	0.073	0.209	0.163	0.057	0.042	0.722	0.656	0.032	0.168	0.069	0.205	0.159	0.053	0.049	0.729	0.662	0.039	0.175	0.076	0.212	0.166	0.06	0.064	0.743	0.677	0.054	0.189	0.091	0.227	0.18	0.075	0.0	0.0	0.0	0.0	0.0	0.0	0.0	0.0	0.0	0.044	0.724	0.658	0.035	0.17	0.071	0.207	0.161	0.055
CPI-CS09463D22E	5-HT_byTPH1_and_SLC18A2_HTR2B	complex:5-HT_byTPH1_and_SLC18A2	simple:P41595		HTR2B	True	False	True	curated	False	Ligand-Receptor	Signaling by Serotonin	0.001	0.0	0.002	0.0	0.008	0.003	0.007	0.008	0.0	0.002	0.0	0.003	0.0	0.009	0.004	0.008	0.009	0.0	0.0	0.0	0.0	0.0	0.0	0.0	0.0	0.0	0.0	0.0	0.0	0.0	0.0	0.0	0.0	0.0	0.0	0.0	0.0	0.0	0.0	0.0	0.0	0.0	0.0	0.0	0.0	0.004	0.0	0.006	0.0	0.011	0.006	0.01	0.011	0.0	0.001	0.0	0.003	0.0	0.008	0.004	0.007	0.008	0.0	0.0	0.0	0.0	0.0	0.0	0.0	0.0	0.0	0.0	0.003	0.0	0.005	0.0	0.01	0.005	0.009	0.01	0.0
CPI-CS0FBE83390	5-HT_byTPH1_and_SLC18A2_HTR2C	complex:5-HT_byTPH1_and_SLC18A2	simple:P28335		HTR2C	True	False	True	curated	False	Ligand-Receptor	Signaling by Serotonin	0.0	0.001	0.002	0.0	0.001	0.007	0.0	0.01	0.0	0.001	0.002	0.003	0.0	0.002	0.008	0.0	0.011	0.0	0.0	0.0	0.0	0.0	0.0	0.0	0.0	0.0	0.0	0.0	0.0	0.0	0.0	0.0	0.0	0.0	0.0	0.0	0.0	0.0	0.0	0.0	0.0	0.0	0.0	0.0	0.0	0.003	0.004	0.005	0.0	0.004	0.01	0.0	0.013	0.0	0.001	0.001	0.002	0.0	0.001	0.007	0.0	0.01	0.0	0.0	0.0	0.0	0.0	0.0	0.0	0.0	0.0	0.0	0.003	0.003	0.004	0.0	0.003	0.009	0.0	0.012	0.0
CPI-CS059692236	5-HT_byTPH1_and_SLC18A2_HTR7	complex:5-HT_byTPH1_and_SLC18A2	simple:P34969		HTR7	True	False	True	curated	False	Ligand-Receptor	Signaling by Serotonin	0.0	0.0	0.002	0.0	0.005	0.004	0.006	0.006	0.005	0.001	0.0	0.003	0.0	0.006	0.005	0.007	0.007	0.006	0.0	0.0	0.0	0.0	0.0	0.0	0.0	0.0	0.0	0.0	0.0	0.0	0.0	0.0	0.0	0.0	0.0	0.0	0.0	0.0	0.0	0.0	0.0	0.0	0.0	0.0	0.0	0.003	0.0	0.005	0.0	0.008	0.007	0.009	0.009	0.008	0.001	0.0	0.002	0.0	0.005	0.004	0.007	0.006	0.005	0.0	0.0	0.0	0.0	0.0	0.0	0.0	0.0	0.0	0.002	0.0	0.004	0.0	0.007	0.006	0.009	0.008	0.007
CPI-SS02A8BD654	TAC1_TACR1	simple:P20366	simple:P25103	TAC1	TACR1	True	False	True	curated	False	Ligand-Receptor	Signaling by Tachykinins	0.005	0.0	0.007	0.0	0.005	0.018	0.006	0.0	0.0	0.002	0.0	0.004	0.0	0.003	0.016	0.004	0.0	0.0	0.029	0.0	0.031	0.0	0.029	0.043	0.03	0.0	0.0	0.012	0.0	0.014	0.0	0.013	0.026	0.014	0.0	0.0	0.157	0.0	0.159	0.0	0.158	0.171	0.159	0.0	0.0	0.375	0.0	0.376	0.0	0.375	0.388	0.376	0.0	0.0	0.062	0.0	0.064	0.0	0.062	0.076	0.064	0.0	0.0	0.021	0.0	0.023	0.0	0.022	0.035	0.023	0.0	0.0	0.008	0.0	0.009	0.0	0.008	0.021	0.009	0.0	0.0
CPI-SS0CDDDEE9F	TAC3_TACR1	simple:Q9UHF0	simple:P25103	TAC3	TACR1	True	False	True	curated	False	Ligand-Receptor	Signaling by Tachykinins	0.001	0.0	0.003	0.0	0.002	0.015	0.003	0.0	0.0	0.0	0.0	0.0	0.0	0.0	0.0	0.0	0.0	0.0	0.0	0.0	0.0	0.0	0.0	0.0	0.0	0.0	0.0	0.004	0.0	0.006	0.0	0.004	0.017	0.005	0.0	0.0	0.002	0.0	0.004	0.0	0.003	0.016	0.004	0.0	0.0	0.02	0.0	0.021	0.0	0.02	0.033	0.021	0.0	0.0	0.003	0.0	0.005	0.0	0.003	0.017	0.005	0.0	0.0	0.0	0.0	0.0	0.0	0.0	0.0	0.0	0.0	0.0	0.0	0.0	0.0	0.0	0.0	0.0	0.0	0.0	0.0
CPI-SS0879B8E95	CD160_TNFRSF14	simple:O95971	simple:Q92956	CD160	TNFRSF14	False	True	True	curated	False	Adhesion-Adhesion	Signaling by Tumor necrosis factor	0.0	0.018	0.016	0.021	0.0	0.005	0.008	0.0	0.008	0.0	0.016	0.014	0.019	0.0	0.003	0.006	0.0	0.006	0.0	0.019	0.017	0.022	0.0	0.006	0.009	0.0	0.009	0.0	0.0	0.0	0.0	0.0	0.0	0.0	0.0	0.0	0.0	0.02	0.018	0.023	0.0	0.007	0.01	0.0	0.01	0.0	0.021	0.019	0.024	0.0	0.008	0.011	0.0	0.011	0.0	0.021	0.019	0.024	0.0	0.008	0.011	0.0	0.011	0.0	0.0	0.0	0.0	0.0	0.0	0.0	0.0	0.0	0.0	0.023	0.021	0.026	0.0	0.01	0.013	0.0	0.013
CPI-SS0C03F7CDC	VEGFA_KDR	simple:P15692	simple:P35968	VEGFA	KDR	True	False	True	curated	False	Ligand-Receptor	Signaling by Vascular endothelial growth factor	0.407	1.239	1.194	0.311	0.388	0.336	0.304	0.0	0.346	0.174	1.006	0.961	0.079	0.155	0.103	0.071	0.0	0.113	0.145	0.977	0.932	0.049	0.126	0.073	0.042	0.0	0.084	0.551	1.383	1.339	0.456	0.532	0.48	0.448	0.0	0.49	0.336	1.168	1.123	0.24	0.317	0.264	0.233	0.0	0.275	0.252	1.084	1.04	0.157	0.233	0.181	0.149	0.0	0.191	0.23	1.062	1.017	0.135	0.211	0.159	0.127	0.0	0.169	0.154	0.986	0.941	0.058	0.135	0.083	0.051	0.0	0.093	0.444	1.276	1.231	0.348	0.425	0.373	0.341	0.0	0.383
CPI-SS0A10C2A8F	WNT3_FRZB	simple:P56703	simple:Q92765	WNT3	FRZB	True	False	False	curated	False	Ligand-Ligand	Signaling by WNT inhibition	0.111	0.011	0.037	0.011	0.033	0.097	0.302	0.057	0.035	0.109	0.009	0.035	0.008	0.031	0.094	0.299	0.054	0.033	0.107	0.007	0.033	0.007	0.029	0.093	0.297	0.053	0.031	0.115	0.015	0.041	0.014	0.037	0.1	0.305	0.06	0.039	0.116	0.016	0.042	0.015	0.037	0.101	0.306	0.061	0.039	0.116	0.016	0.042	0.015	0.037	0.101	0.306	0.061	0.039	0.109	0.009	0.035	0.009	0.031	0.095	0.299	0.055	0.033	0.0	0.0	0.0	0.0	0.0	0.0	0.0	0.0	0.0	0.111	0.011	0.037	0.01	0.033	0.096	0.301	0.056	0.035
CPI-SS0EE63435D	WNT4_FRZB	simple:P56705	simple:Q92765	WNT4	FRZB	True	False	False	curated	False	Ligand-Ligand	Signaling by WNT inhibition	0.107	0.007	0.033	0.006	0.028	0.092	0.297	0.052	0.031	0.107	0.007	0.033	0.006	0.029	0.092	0.297	0.052	0.031	0.0	0.0	0.0	0.0	0.0	0.0	0.0	0.0	0.0	0.0	0.0	0.0	0.0	0.0	0.0	0.0	0.0	0.0	0.108	0.008	0.034	0.007	0.03	0.093	0.298	0.053	0.032	0.11	0.01	0.036	0.009	0.032	0.096	0.3	0.055	0.034	0.0	0.0	0.0	0.0	0.0	0.0	0.0	0.0	0.0	0.0	0.0	0.0	0.0	0.0	0.0	0.0	0.0	0.0	0.0	0.0	0.0	0.0	0.0	0.0	0.0	0.0	0.0
CPI-SS007954822	WNT5A_FRZB	simple:P41221	simple:Q92765	WNT5A	FRZB	True	False	False	curated	False	Ligand-Ligand	Signaling by WNT inhibition	0.116	0.016	0.042	0.015	0.038	0.102	0.306	0.062	0.04	0.142	0.042	0.068	0.041	0.064	0.128	0.332	0.088	0.066	0.193	0.093	0.119	0.092	0.115	0.178	0.383	0.138	0.117	0.13	0.03	0.056	0.029	0.051	0.115	0.32	0.075	0.053	0.18	0.08	0.106	0.079	0.102	0.165	0.37	0.125	0.104	0.184	0.084	0.11	0.083	0.106	0.169	0.374	0.129	0.108	0.175	0.075	0.101	0.074	0.096	0.16	0.365	0.12	0.099	0.172	0.072	0.098	0.071	0.094	0.158	0.362	0.118	0.096	0.12	0.02	0.046	0.019	0.042	0.106	0.31	0.065	0.044
CPI-SS0DF9024C0	WNT3_SFRP1	simple:P56703	simple:Q8N474	WNT3	SFRP1	True	False	False	curated	False	Ligand-Ligand	Signaling by WNT inhibition	0.884	0.271	0.181	0.039	0.581	1.25	0.392	0.297	0.375	0.882	0.268	0.179	0.037	0.579	1.248	0.39	0.294	0.373	0.88	0.267	0.177	0.035	0.577	1.246	0.388	0.292	0.371	0.887	0.274	0.185	0.043	0.585	1.254	0.396	0.3	0.379	0.888	0.275	0.185	0.044	0.586	1.255	0.396	0.301	0.38	0.888	0.275	0.185	0.044	0.586	1.255	0.396	0.301	0.38	0.882	0.269	0.179	0.037	0.579	1.248	0.39	0.295	0.373	0.0	0.0	0.0	0.0	0.0	0.0	0.0	0.0	0.0	0.884	0.27	0.181	0.039	0.581	1.25	0.392	0.296	0.375
CPI-SS036707F4C	WNT4_SFRP1	simple:P56705	simple:Q8N474	WNT4	SFRP1	True	False	False	curated	False	Ligand-Ligand	Signaling by WNT inhibition	0.879	0.266	0.176	0.035	0.577	1.246	0.387	0.292	0.371	0.879	0.266	0.177	0.035	0.577	1.246	0.388	0.292	0.371	0.0	0.0	0.0	0.0	0.0	0.0	0.0	0.0	0.0	0.0	0.0	0.0	0.0	0.0	0.0	0.0	0.0	0.0	0.881	0.267	0.178	0.036	0.578	1.247	0.389	0.293	0.372	0.883	0.269	0.18	0.038	0.58	1.249	0.391	0.295	0.374	0.0	0.0	0.0	0.0	0.0	0.0	0.0	0.0	0.0	0.0	0.0	0.0	0.0	0.0	0.0	0.0	0.0	0.0	0.0	0.0	0.0	0.0	0.0	0.0	0.0	0.0	0.0
CPI-SS0F1E79A03	WNT5A_SFRP1	simple:P41221	simple:Q8N474	WNT5A	SFRP1	True	False	False	curated	False	Ligand-Ligand	Signaling by WNT inhibition	0.889	0.276	0.186	0.044	0.586	1.255	0.397	0.301	0.38	0.915	0.301	0.212	0.07	0.612	1.281	0.423	0.327	0.406	0.965	0.352	0.263	0.121	0.663	1.332	0.474	0.378	0.457	0.902	0.289	0.199	0.058	0.6	1.269	0.41	0.315	0.394	0.952	0.339	0.25	0.108	0.65	1.319	0.461	0.365	0.444	0.957	0.343	0.254	0.112	0.654	1.323	0.465	0.369	0.448	0.947	0.334	0.244	0.103	0.645	1.314	0.455	0.36	0.439	0.945	0.332	0.242	0.1	0.642	1.311	0.453	0.357	0.436	0.893	0.279	0.19	0.048	0.59	1.259	0.401	0.305	0.384
CPI-SS0E9BE6A4E	WNT3_SFRP2	simple:P56703	simple:Q96HF1	WNT3	SFRP2	True	False	False	curated	False	Ligand-Ligand	Signaling by WNT inhibition	0.007	0.006	0.0	0.0	0.007	0.07	0.006	0.0	0.0	0.005	0.004	0.0	0.0	0.005	0.068	0.004	0.0	0.0	0.003	0.002	0.0	0.0	0.003	0.066	0.002	0.0	0.0	0.011	0.009	0.0	0.0	0.011	0.074	0.01	0.0	0.0	0.012	0.01	0.0	0.0	0.012	0.075	0.011	0.0	0.0	0.012	0.01	0.0	0.0	0.012	0.075	0.011	0.0	0.0	0.005	0.004	0.0	0.0	0.005	0.068	0.004	0.0	0.0	0.0	0.0	0.0	0.0	0.0	0.0	0.0	0.0	0.0	0.007	0.006	0.0	0.0	0.007	0.07	0.006	0.0	0.0
CPI-SS0661CE946	WNT4_SFRP2	simple:P56705	simple:Q96HF1	WNT4	SFRP2	True	False	False	curated	False	Ligand-Ligand	Signaling by WNT inhibition	0.003	0.001	0.0	0.0	0.003	0.066	0.002	0.0	0.0	0.003	0.001	0.0	0.0	0.003	0.066	0.002	0.0	0.0	0.0	0.0	0.0	0.0	0.0	0.0	0.0	0.0	0.0	0.0	0.0	0.0	0.0	0.0	0.0	0.0	0.0	0.0	0.004	0.002	0.0	0.0	0.004	0.067	0.003	0.0	0.0	0.006	0.005	0.0	0.0	0.006	0.069	0.005	0.0	0.0	0.0	0.0	0.0	0.0	0.0	0.0	0.0	0.0	0.0	0.0	0.0	0.0	0.0	0.0	0.0	0.0	0.0	0.0	0.0	0.0	0.0	0.0	0.0	0.0	0.0	0.0	0.0
CPI-SS03F33B34C	WNT5A_SFRP2	simple:P41221	simple:Q96HF1	WNT5A	SFRP2	True	False	False	curated	False	Ligand-Ligand	Signaling by WNT inhibition	0.012	0.011	0.0	0.0	0.012	0.075	0.011	0.0	0.0	0.038	0.037	0.0	0.0	0.038	0.101	0.037	0.0	0.0	0.089	0.087	0.0	0.0	0.089	0.152	0.088	0.0	0.0	0.026	0.024	0.0	0.0	0.026	0.089	0.025	0.0	0.0	0.076	0.074	0.0	0.0	0.076	0.139	0.075	0.0	0.0	0.08	0.078	0.0	0.0	0.08	0.143	0.079	0.0	0.0	0.071	0.069	0.0	0.0	0.071	0.134	0.07	0.0	0.0	0.068	0.067	0.0	0.0	0.068	0.131	0.067	0.0	0.0	0.016	0.015	0.0	0.0	0.016	0.079	0.015	0.0	0.0
CPI-SC0BDF87EA3	GDNF_RET_receptor_1	simple:P39905	complex:RET_receptor_1	GDNF		True	False	True	curated	False	Ligand-Receptor		0.001	0.0	0.003	0.0	0.001	0.002	0.012	0.01	0.003	0.0	0.0	0.0	0.0	0.0	0.0	0.0	0.0	0.0	0.002	0.0	0.005	0.0	0.003	0.004	0.014	0.011	0.005	0.0	0.0	0.0	0.0	0.0	0.0	0.0	0.0	0.0	0.001	0.0	0.003	0.0	0.002	0.003	0.012	0.01	0.004	0.011	0.0	0.013	0.0	0.011	0.012	0.022	0.02	0.013	0.011	0.0	0.013	0.0	0.012	0.012	0.022	0.02	0.013	0.0	0.0	0.0	0.0	0.0	0.0	0.0	0.0	0.0	0.0	0.0	0.0	0.0	0.0	0.0	0.0	0.0	0.0
CPI-SS04C672963	ESAM_ESAM	simple:Q96AP7	simple:Q96AP7	ESAM	ESAM	False	False	False	curated	False	Adhesion-Adhesion		0.007	0.895	0.841	0.014	0.102	0.018	0.183	0.087	0.027	0.895	1.783	1.729	0.902	0.99	0.907	1.071	0.975	0.915	0.841	1.729	1.675	0.848	0.936	0.852	1.017	0.921	0.861	0.014	0.902	0.848	0.021	0.109	0.025	0.19	0.094	0.034	0.102	0.99	0.936	0.109	0.197	0.113	0.278	0.182	0.122	0.018	0.907	0.852	0.025	0.113	0.03	0.195	0.099	0.039	0.183	1.071	1.017	0.19	0.278	0.195	0.359	0.263	0.203	0.087	0.975	0.921	0.094	0.182	0.099	0.263	0.168	0.107	0.027	0.915	0.861	0.034	0.122	0.039	0.203	0.107	0.047
CPI-CS09A35DD21	Prostacyclin_byPTGIS_PTGIR	complex:Prostacyclin_byPTGIS	simple:P43119		PTGIR	True	False	True	curated	False	Ligand-Receptor		0.002	0.002	0.007	0.0	0.031	0.034	0.069	0.0	0.0	0.005	0.004	0.009	0.0	0.033	0.036	0.071	0.0	0.0	0.003	0.003	0.008	0.0	0.032	0.035	0.069	0.0	0.0	0.005	0.004	0.009	0.0	0.033	0.036	0.071	0.0	0.0	0.021	0.021	0.025	0.0	0.049	0.052	0.087	0.0	0.0	0.063	0.063	0.067	0.0	0.092	0.094	0.129	0.0	0.0	0.013	0.013	0.018	0.0	0.042	0.045	0.08	0.0	0.0	0.0	0.0	0.0	0.0	0.0	0.0	0.0	0.0	0.0	0.0	0.0	0.0	0.0	0.0	0.0	0.0	0.0	0.0
