id_cp_interaction	interacting_pair	partner_a	partner_b	gene_a	gene_b	secreted	receptor_a	receptor_b	annotation_strategy	is_integrin	directionality	classification	CM|CM	CM|EN_H	CM|EN_V	CM|EP	CM|FB_H	CM|FB_V	CM|PR	CM|SM	CM|UN	EN_H|CM	EN_H|EN_H	EN_H|EN_V	EN_H|EP	EN_H|FB_H	EN_H|FB_V	EN_H|PR	EN_H|SM	EN_H|UN	EN_V|CM	EN_V|EN_H	EN_V|EN_V	EN_V|EP	EN_V|FB_H	EN_V|FB_V	EN_V|PR	EN_V|SM	EN_V|UN	EP|CM	EP|EN_H	EP|EN_V	EP|EP	EP|FB_H	EP|FB_V	EP|PR	EP|SM	EP|UN	FB_H|CM	FB_H|EN_H	FB_H|EN_V	FB_H|EP	FB_H|FB_H	FB_H|FB_V	FB_H|PR	FB_H|SM	FB_H|UN	FB_V|CM	FB_V|EN_H	FB_V|EN_V	FB_V|EP	FB_V|FB_H	FB_V|FB_V	FB_V|PR	FB_V|SM	FB_V|UN	PR|CM	PR|EN_H	PR|EN_V	PR|EP	PR|FB_H	PR|FB_V	PR|PR	PR|SM	PR|UN	SM|CM	SM|EN_H	SM|EN_V	SM|EP	SM|FB_H	SM|FB_V	SM|PR	SM|SM	SM|UN	UN|CM	UN|EN_H	UN|EN_V	UN|EP	UN|FB_H	UN|FB_V	UN|PR	UN|SM	UN|UN
CPI-SS00C24ED50	CDH5_CDH5	simple:P33151	simple:P33151	CDH5	CDH5	False	False	False	curated	False	Adhesion-Adhesion	Adhesion by Cadherin	0.0	0.0	0.0	0.0	0.0	0.0	0.0	0.0	0.0	0.0	83.299	91.269	0.0	0.0	0.0	0.0	0.0	0.0	0.0	91.269	100.0	0.0	0.0	0.0	0.0	0.0	0.0	0.0	0.0	0.0	0.0	0.0	0.0	0.0	0.0	0.0	0.0	0.0	0.0	0.0	0.0	0.0	0.0	0.0	0.0	0.0	0.0	0.0	0.0	0.0	0.0	0.0	0.0	0.0	0.0	0.0	0.0	0.0	0.0	0.0	0.0	0.0	0.0	0.0	0.0	0.0	0.0	0.0	0.0	0.0	0.0	0.0	0.0	0.0	0.0	0.0	0.0	0.0	0.0	0.0	0.0
CPI-SS0C53F7672	CDH6_CDH6	simple:P55285	simple:P55285	CDH6	CDH6	False	False	False	curated	False	Adhesion-Adhesion	Adhesion by Cadherin	0.0	0.0	0.0	0.0	0.0	0.0	0.0	0.0	0.0	0.0	0.0	0.0	0.0	0.0	0.0	0.0	0.0	0.0	0.0	0.0	0.0	0.0	0.0	0.0	0.0	0.0	0.0	0.0	0.0	0.0	0.0	0.0	0.0	0.0	0.0	0.0	0.0	0.0	0.0	0.0	0.0	0.0	0.0	0.0	0.0	0.0	0.0	0.0	0.0	0.0	0.0	0.0	0.0	0.0	0.0	0.0	0.0	0.0	0.0	0.0	0.0	0.0	0.0	0.0	0.0	0.0	0.0	0.0	0.0	0.0	0.0	0.0	0.0	0.0	0.0	0.0	0.0	0.0	0.0	0.0	0.0
CPI-SS0BE3D537D	CDH7_CDH7	simple:Q9ULB5	simple:Q9ULB5	CDH7	CDH7	False	False	False	curated	False	Adhesion-Adhesion	Adhesion by Cadherin	0.0	0.0	0.0	0.0	0.0	0.0	0.0	0.0	0.0	0.0	0.0	0.0	0.0	0.0	0.0	0.0	0.0	0.0	0.0	0.0	0.0	0.0	0.0	0.0	0.0	0.0	0.0	0.0	0.0	0.0	0.0	0.0	0.0	0.0	0.0	0.0	0.0	0.0	0.0	0.0	0.0	0.0	0.0	0.0	0.0	0.0	0.0	0.0	0.0	0.0	100.0	0.0	0.0	0.0	0.0	0.0	0.0	0.0	0.0	0.0	0.0	0.0	0.0	0.0	0.0	0.0	0.0	0.0	0.0	0.0	0.0	0.0	0.0	0.0	0.0	0.0	0.0	0.0	0.0	0.0	0.0
CPI-SS001BF66E8	CEACAM6_CEACAM6	simple:P40199	simple:P40199	CEACAM6	CEACAM6	False	False	False	curated	False	Adhesion-Adhesion	Adhesion by CEAM	0.0	0.0	0.0	0.0	0.0	0.0	0.0	0.0	0.0	0.0	0.0	0.0	0.0	0.0	0.0	0.0	0.0	0.0	0.0	0.0	0.0	0.0	0.0	0.0	0.0	0.0	0.0	0.0	0.0	0.0	0.0	0.0	0.0	0.0	0.0	0.0	0.0	0.0	0.0	0.0	0.0	0.0	0.0	0.0	0.0	0.0	0.0	0.0	0.0	0.0	0.0	0.0	0.0	0.0	0.0	0.0	0.0	0.0	0.0	0.0	0.0	0.0	0.0	0.0	0.0	0.0	0.0	0.0	0.0	0.0	0.0	0.0	0.0	0.0	0.0	0.0	0.0	0.0	0.0	0.0	0.0
CPI-SS01A7DC3C1	CLSTN2_NRXN3	simple:Q9H4D0	simple:Q9HDB5	CLSTN2	NRXN3	False	False	False	curated	False	Ligand-Receptor	Signaling by Calsyntenin	0.0	0.0	0.0	0.0	0.0	0.0	0.0	0.0	0.0	0.0	0.0	0.0	0.0	0.0	0.0	0.0	0.0	0.0	0.0	0.0	0.0	0.0	0.0	0.0	0.0	0.0	0.0	0.0	0.0	0.0	0.0	0.0	0.0	0.0	0.0	0.0	0.0	0.0	0.0	0.0	0.0	0.0	0.0	0.0	0.0	0.0	0.0	0.0	0.0	0.0	0.0	0.0	0.0	0.0	0.0	0.0	0.0	0.0	0.0	0.0	0.0	0.0	0.0	0.0	0.0	0.0	0.0	0.0	0.0	0.0	0.0	0.0	0.0	0.0	0.0	0.0	0.0	0.0	0.0	0.0	0.0
CPI-SS026EC3854	LRRTM3_NRXN3	simple:Q86VH5	simple:Q9HDB5	LRRTM3	NRXN3	False	False	False	curated	False	Ligand-Receptor	Signaling by Leucine-Rich Repeat Transmembrane Neuronal Protein	0.0	0.0	0.0	0.0	0.0	0.0	0.0	0.0	0.0	0.0	0.0	0.0	0.0	0.0	0.0	0.0	0.0	0.0	0.0	0.0	0.0	0.0	0.0	0.0	0.0	0.0	0.0	0.0	0.0	0.0	0.0	0.0	0.0	0.0	0.0	0.0	0.0	0.0	0.0	0.0	0.0	0.0	0.0	0.0	0.0	0.0	0.0	0.0	0.0	0.0	0.0	0.0	0.0	0.0	0.0	0.0	0.0	0.0	0.0	0.0	0.0	0.0	0.0	0.0	0.0	0.0	0.0	0.0	0.0	0.0	0.0	0.0	0.0	0.0	0.0	0.0	0.0	0.0	0.0	0.0	0.0
CPI-SS0F97A06CD	LRRTM4_NRXN3	simple:Q86VH4	simple:Q9HDB5	LRRTM4	NRXN3	False	False	False	curated	False	Ligand-Receptor	Signaling by Leucine-Rich Repeat Transmembrane Neuronal Protein	0.0	0.0	0.0	0.0	0.0	0.0	0.0	0.0	0.0	0.0	0.0	0.0	0.0	0.0	0.0	0.0	0.0	0.0	0.0	0.0	0.0	0.0	0.0	0.0	0.0	0.0	0.0	0.0	0.0	0.0	0.0	0.0	0.0	0.0	0.0	0.0	0.0	0.0	0.0	0.0	0.0	0.0	0.0	0.0	0.0	0.0	0.0	0.0	0.0	0.0	0.0	0.0	0.0	0.0	0.0	0.0	0.0	0.0	0.0	0.0	0.0	0.0	0.0	0.0	0.0	0.0	0.0	0.0	0.0	0.0	0.0	0.0	0.0	0.0	0.0	0.0	0.0	0.0	0.0	0.0	0.0
CPI-SS0837C7966	NLGN4Y_NRXN3	simple:Q8NFZ3	simple:Q9HDB5	NLGN4Y	NRXN3	False	False	False	curated	False	Ligand-Receptor		0.0	0.0	0.0	0.0	0.0	0.0	0.0	0.0	0.0	0.0	0.0	0.0	0.0	0.0	0.0	0.0	0.0	0.0	0.0	0.0	0.0	0.0	0.0	0.0	0.0	0.0	0.0	0.0	0.0	0.0	0.0	0.0	0.0	0.0	0.0	0.0	0.0	0.0	0.0	0.0	0.0	0.0	0.0	0.0	0.0	0.0	0.0	0.0	0.0	0.0	0.0	0.0	0.0	0.0	0.0	0.0	0.0	0.0	0.0	0.0	0.0	0.0	0.0	0.0	0.0	0.0	0.0	0.0	0.0	0.0	0.0	0.0	0.0	0.0	0.0	0.0	0.0	0.0	0.0	0.0	0.0
CPI-SS04829AC68	GJA1_GJA1	simple:P17302	simple:P17302	GJA1	GJA1	False	False	False	curated	False	Gap-Gap	Adhesion by GAP junction	7.491	27.371	25.733	0.0	11.43	3.527	0.0	3.795	0.0	27.371	100.0	94.019	0.0	41.759	12.887	0.0	13.866	0.0	25.733	94.019	88.395	0.0	39.262	12.117	0.0	13.036	0.0	0.0	0.0	0.0	0.0	0.0	0.0	0.0	0.0	0.0	11.43	41.759	39.262	0.0	17.438	5.382	0.0	5.79	0.0	3.527	12.887	12.117	0.0	5.382	1.661	0.0	1.787	0.0	0.0	0.0	0.0	0.0	0.0	0.0	0.0	0.0	0.0	3.795	13.866	13.036	0.0	5.79	1.787	0.0	1.923	0.0	0.0	0.0	0.0	0.0	0.0	0.0	0.0	0.0	0.0
CPI-SS058209EC7	F2_F2R	simple:P00734	simple:P25116	F2	F2R	True	False	True	curated	False	Ligand-Receptor	Adhesion by Prothrombin	0.0	0.0	0.0	0.0	0.0	0.0	0.0	0.0	0.0	0.0	0.0	0.0	0.0	0.0	0.0	0.0	0.0	0.0	0.0	0.0	0.0	0.0	0.0	0.0	0.0	0.0	0.0	0.0	77.751	72.78	0.0	79.983	21.509	46.11	100.0	0.0	0.0	0.0	0.0	0.0	0.0	0.0	0.0	0.0	0.0	0.0	0.0	0.0	0.0	0.0	0.0	0.0	0.0	0.0	0.0	0.0	0.0	0.0	0.0	0.0	0.0	0.0	0.0	0.0	0.0	0.0	0.0	0.0	0.0	0.0	0.0	0.0	0.0	0.0	0.0	0.0	0.0	0.0	0.0	0.0	0.0
CPI-SS0C93E48D7	THBS1_CD36	simple:P07996	simple:P16671	THBS1	CD36	False	False	True	curated	False	Ligand-Receptor	Signaling by Thrombospondin precursor	0.0	0.0	0.0	0.0	0.0	0.0	0.0	0.0	0.0	0.0	0.0	0.0	0.0	0.0	0.0	27.284	51.953	0.0	0.0	0.0	0.0	0.0	0.0	0.0	43.587	82.996	0.0	0.0	0.0	0.0	0.0	0.0	0.0	10.995	20.937	0.0	0.0	0.0	0.0	0.0	0.0	0.0	30.282	57.661	0.0	0.0	0.0	0.0	0.0	0.0	0.0	0.0	0.0	0.0	0.0	0.0	0.0	0.0	0.0	0.0	0.0	0.0	0.0	0.0	0.0	0.0	0.0	0.0	0.0	52.517	100.0	0.0	0.0	0.0	0.0	0.0	0.0	0.0	0.0	0.0	0.0
CPI-SS05996C8FD	AGT_AGTR1	simple:P01019	simple:P30556	AGT	AGTR1	True	False	True	curated	False	Ligand-Receptor	Signaling by Angiotensinogen	0.0	0.0	0.0	0.0	0.0	0.0	0.0	0.0	0.0	0.0	0.0	0.0	0.0	0.0	0.0	0.0	0.0	0.0	0.0	0.0	0.0	0.0	0.0	0.0	0.0	0.0	0.0	0.0	0.0	0.0	100.0	0.0	0.0	0.0	0.0	0.0	0.0	0.0	0.0	0.0	0.0	0.0	0.0	0.0	0.0	0.0	0.0	0.0	0.0	0.0	0.0	0.0	0.0	0.0	0.0	0.0	0.0	0.0	0.0	0.0	0.0	0.0	0.0	0.0	0.0	0.0	0.0	0.0	0.0	0.0	0.0	0.0	0.0	0.0	0.0	0.0	0.0	0.0	0.0	0.0	0.0
CPI-SS069924427	AGT_AGTR2	simple:P01019	simple:P50052	AGT	AGTR2	True	False	True	curated	False	Ligand-Receptor	Signaling by Angiotensinogen	0.0	0.0	0.0	0.0	0.0	0.0	0.0	0.0	0.0	0.0	0.0	0.0	0.0	0.0	0.0	0.0	0.0	0.0	0.0	0.0	0.0	0.0	0.0	0.0	0.0	0.0	0.0	0.0	0.0	0.0	0.0	0.0	0.0	0.0	0.0	0.0	0.0	0.0	0.0	0.0	0.0	0.0	0.0	0.0	0.0	0.0	0.0	0.0	0.0	0.0	0.0	0.0	0.0	0.0	0.0	0.0	0.0	0.0	0.0	0.0	0.0	0.0	0.0	0.0	0.0	0.0	0.0	0.0	0.0	0.0	0.0	0.0	0.0	0.0	0.0	0.0	0.0	0.0	0.0	0.0	0.0
CPI-SS086CB298F	APLN_APLNR	simple:Q9ULZ1	simple:P35414	APLN	APLNR	True	False	True	curated	False	Ligand-Receptor	Signaling by Apelin	0.0	0.0	0.0	0.0	0.0	0.0	0.0	0.0	0.0	0.0	100.0	35.545	0.0	0.0	0.0	0.0	0.0	0.0	0.0	80.896	28.754	0.0	0.0	0.0	0.0	0.0	0.0	0.0	0.0	0.0	0.0	0.0	0.0	0.0	0.0	0.0	0.0	0.0	0.0	0.0	0.0	0.0	0.0	0.0	0.0	0.0	0.0	0.0	0.0	0.0	0.0	0.0	0.0	0.0	0.0	0.0	0.0	0.0	0.0	0.0	0.0	0.0	0.0	0.0	0.0	0.0	0.0	0.0	0.0	0.0	0.0	0.0	0.0	0.0	0.0	0.0	0.0	0.0	0.0	0.0	0.0
CPI-SS0E4E83C2E	BDNF_NGFR	simple:P23560	simple:P08138	BDNF	NGFR	True	False	True	curated	False	Ligand-Receptor	Signaling by Brain-derived neurotrophic factor	0.0	0.0	0.0	0.0	0.0	0.0	0.0	0.0	0.0	0.0	0.0	0.0	0.0	0.0	0.0	0.0	0.0	0.0	0.0	0.0	0.0	0.0	0.0	0.0	0.0	0.0	0.0	0.0	0.0	0.0	0.0	0.0	0.0	0.0	0.0	0.0	0.0	0.0	0.0	0.0	0.0	0.0	0.0	0.0	0.0	29.621	0.0	0.0	0.0	100.0	0.0	0.0	55.459	0.0	0.0	0.0	0.0	0.0	0.0	0.0	0.0	0.0	0.0	23.211	0.0	0.0	0.0	78.359	0.0	0.0	43.458	0.0	0.0	0.0	0.0	0.0	0.0	0.0	0.0	0.0	0.0
CPI-SS0BA601DC4	BDNF_NTRK2	simple:P23560	simple:Q16620	BDNF	NTRK2	True	False	True	curated	False	Ligand-Receptor	Signaling by Brain-derived neurotrophic factor	0.0	0.0	0.0	0.0	0.0	0.0	0.0	0.0	0.0	0.0	0.0	0.0	0.0	0.0	0.0	0.0	0.0	0.0	0.0	0.0	0.0	0.0	0.0	0.0	0.0	0.0	0.0	0.0	0.0	0.0	0.0	0.0	0.0	0.0	0.0	0.0	0.0	0.0	0.0	0.0	0.0	0.0	0.0	0.0	0.0	0.0	0.0	0.0	0.0	100.0	0.0	0.0	98.278	0.0	0.0	0.0	0.0	0.0	0.0	0.0	0.0	0.0	0.0	0.0	0.0	0.0	0.0	78.359	0.0	0.0	77.01	0.0	0.0	0.0	0.0	0.0	0.0	0.0	0.0	0.0	0.0
CPI-SS0E3AA6B7B	NTN4_NTRK2	simple:Q9HB63	simple:Q16620	NTN4	NTRK2	True	False	True	curated	False	Ligand-Receptor	Signaling by Netrin	0.0	0.0	0.0	0.0	0.0	0.0	0.0	0.0	0.0	0.0	0.0	0.0	0.0	0.0	0.0	0.0	0.0	0.0	0.0	0.0	0.0	0.0	0.0	0.0	0.0	0.0	0.0	0.0	0.0	0.0	0.0	0.0	0.0	0.0	0.0	0.0	0.0	0.0	0.0	0.0	0.0	0.0	0.0	0.0	0.0	0.0	0.0	0.0	0.0	0.0	0.0	0.0	0.0	0.0	0.0	0.0	0.0	0.0	0.0	0.0	0.0	0.0	0.0	0.0	0.0	0.0	0.0	100.0	0.0	0.0	98.278	0.0	0.0	0.0	0.0	0.0	0.0	0.0	0.0	0.0	0.0
CPI-SS09A6C048C	CLSTN2_NRXN1	simple:Q9H4D0	simple:Q9ULB1	CLSTN2	NRXN1	False	False	False	curated	False	Ligand-Receptor	Signaling by Calsyntenin	0.0	0.0	0.0	0.0	0.0	0.0	0.0	0.0	0.0	0.0	0.0	0.0	0.0	0.0	0.0	0.0	0.0	0.0	0.0	0.0	0.0	0.0	0.0	0.0	0.0	0.0	0.0	0.0	0.0	0.0	0.0	0.0	0.0	0.0	0.0	0.0	0.0	0.0	0.0	0.0	0.0	0.0	0.0	0.0	0.0	0.0	0.0	0.0	0.0	0.0	0.0	0.0	0.0	0.0	0.0	0.0	0.0	0.0	0.0	0.0	0.0	0.0	0.0	0.0	0.0	0.0	0.0	0.0	0.0	0.0	0.0	0.0	0.0	0.0	0.0	0.0	0.0	0.0	0.0	0.0	0.0
CPI-SS0626DF0EB	LRRTM3_NRXN1	simple:Q86VH5	simple:Q9ULB1	LRRTM3	NRXN1	False	False	False	curated	False	Ligand-Receptor	Signaling by Leucine-Rich Repeat Transmembrane Neuronal Protein	0.0	0.0	0.0	0.0	0.0	0.0	0.0	0.0	0.0	0.0	0.0	0.0	0.0	0.0	0.0	0.0	0.0	0.0	0.0	0.0	0.0	0.0	0.0	0.0	0.0	0.0	0.0	0.0	0.0	0.0	0.0	0.0	0.0	0.0	0.0	0.0	0.0	0.0	0.0	0.0	0.0	0.0	0.0	0.0	0.0	0.0	0.0	0.0	0.0	0.0	0.0	0.0	0.0	0.0	0.0	0.0	0.0	0.0	0.0	0.0	0.0	0.0	0.0	0.0	0.0	0.0	0.0	0.0	0.0	0.0	0.0	0.0	0.0	0.0	0.0	0.0	0.0	0.0	0.0	0.0	0.0
CPI-SS03466C597	LRRTM4_NRXN1	simple:Q86VH4	simple:Q9ULB1	LRRTM4	NRXN1	False	False	False	curated	False	Ligand-Receptor	Signaling by Leucine-Rich Repeat Transmembrane Neuronal Protein	0.0	0.0	0.0	0.0	0.0	0.0	0.0	0.0	0.0	0.0	0.0	0.0	0.0	0.0	0.0	0.0	0.0	0.0	0.0	0.0	0.0	0.0	0.0	0.0	0.0	0.0	0.0	0.0	0.0	0.0	0.0	0.0	0.0	0.0	0.0	0.0	0.0	0.0	0.0	0.0	0.0	0.0	0.0	0.0	0.0	0.0	0.0	0.0	0.0	0.0	0.0	0.0	0.0	0.0	0.0	0.0	0.0	0.0	0.0	0.0	0.0	0.0	0.0	0.0	0.0	0.0	0.0	0.0	0.0	0.0	0.0	0.0	0.0	0.0	0.0	0.0	0.0	0.0	0.0	0.0	0.0
CPI-SS0CCB5F46B	NLGN4Y_NRXN1	simple:Q8NFZ3	simple:Q9ULB1	NLGN4Y	NRXN1	False	False	False	curated	False	Ligand-Receptor	Signaling by Neuroligin	0.0	0.0	0.0	0.0	0.0	0.0	0.0	0.0	0.0	44.389	0.0	0.0	0.0	0.0	96.832	38.279	0.0	0.0	41.367	0.0	0.0	0.0	0.0	90.239	35.673	0.0	0.0	0.0	0.0	0.0	0.0	0.0	0.0	0.0	0.0	0.0	0.0	0.0	0.0	0.0	0.0	0.0	0.0	0.0	0.0	45.841	0.0	0.0	0.0	0.0	100.0	39.532	0.0	0.0	34.553	0.0	0.0	0.0	0.0	75.376	29.797	0.0	0.0	29.973	0.0	0.0	0.0	0.0	65.384	25.848	0.0	0.0	0.0	0.0	0.0	0.0	0.0	0.0	0.0	0.0	0.0
CPI-SS093707FE0	CLSTN2_NRXN2	simple:Q9H4D0	simple:P58401	CLSTN2	NRXN2	False	False	False	curated	False	Ligand-Receptor	Signaling by Calsyntenin	0.0	0.0	0.0	0.0	0.0	0.0	0.0	0.0	0.0	0.0	0.0	0.0	0.0	0.0	0.0	0.0	0.0	0.0	0.0	0.0	0.0	0.0	0.0	0.0	0.0	0.0	0.0	0.0	0.0	0.0	0.0	0.0	0.0	0.0	0.0	0.0	0.0	0.0	0.0	0.0	0.0	0.0	0.0	0.0	0.0	0.0	0.0	0.0	0.0	0.0	0.0	0.0	0.0	0.0	0.0	0.0	0.0	0.0	0.0	0.0	0.0	0.0	0.0	0.0	0.0	0.0	0.0	0.0	0.0	0.0	0.0	0.0	0.0	0.0	0.0	0.0	0.0	0.0	0.0	0.0	0.0
CPI-SS08D8F6957	LRRTM3_NRXN2	simple:Q86VH5	simple:P58401	LRRTM3	NRXN2	False	False	False	curated	False	Ligand-Receptor	Signaling by Leucine-Rich Repeat Transmembrane Neuronal Protein	0.0	0.0	0.0	0.0	0.0	0.0	0.0	0.0	0.0	0.0	0.0	0.0	0.0	0.0	0.0	0.0	0.0	0.0	0.0	0.0	0.0	0.0	0.0	0.0	0.0	0.0	0.0	0.0	0.0	0.0	0.0	0.0	0.0	0.0	0.0	0.0	0.0	0.0	0.0	0.0	0.0	0.0	0.0	0.0	0.0	0.0	0.0	0.0	0.0	0.0	0.0	0.0	0.0	0.0	0.0	0.0	0.0	0.0	0.0	0.0	0.0	0.0	0.0	0.0	0.0	0.0	0.0	0.0	0.0	0.0	0.0	0.0	0.0	0.0	0.0	0.0	0.0	0.0	0.0	0.0	0.0
CPI-SS06157E5AF	LRRTM4_NRXN2	simple:Q86VH4	simple:P58401	LRRTM4	NRXN2	False	False	False	curated	False	Ligand-Receptor	Signaling by Leucine-Rich Repeat Transmembrane Neuronal Protein	0.0	0.0	0.0	0.0	0.0	0.0	0.0	0.0	0.0	0.0	0.0	0.0	0.0	0.0	0.0	0.0	0.0	0.0	0.0	0.0	0.0	0.0	0.0	0.0	0.0	0.0	0.0	0.0	0.0	0.0	0.0	0.0	0.0	0.0	0.0	0.0	0.0	0.0	0.0	0.0	0.0	0.0	0.0	0.0	0.0	0.0	0.0	0.0	0.0	0.0	0.0	0.0	0.0	0.0	0.0	0.0	0.0	0.0	0.0	0.0	0.0	0.0	0.0	0.0	0.0	0.0	0.0	0.0	0.0	0.0	0.0	0.0	0.0	0.0	0.0	0.0	0.0	0.0	0.0	0.0	0.0
CPI-SS07C26C799	NLGN4Y_NRXN2	simple:Q8NFZ3	simple:P58401	NLGN4Y	NRXN2	False	False	False	curated	False	Ligand-Receptor	Signaling by Neuroligin	0.0	0.0	0.0	0.0	0.0	0.0	0.0	0.0	0.0	0.0	0.0	0.0	0.0	0.0	0.0	0.0	0.0	0.0	0.0	0.0	0.0	0.0	0.0	0.0	0.0	0.0	0.0	0.0	0.0	0.0	0.0	0.0	0.0	0.0	0.0	0.0	0.0	0.0	0.0	0.0	0.0	0.0	0.0	0.0	0.0	0.0	0.0	0.0	0.0	0.0	0.0	0.0	0.0	0.0	0.0	0.0	0.0	0.0	0.0	0.0	0.0	0.0	0.0	0.0	0.0	0.0	0.0	0.0	0.0	0.0	0.0	0.0	0.0	0.0	0.0	0.0	0.0	0.0	0.0	0.0	0.0
CPI-SS0AEC33FF1	CCL22_DPP4	simple:O00626	simple:P27487	CCL22	DPP4	True	False	True	curated	False	Ligand-Receptor	Signaling by Chemokines	0.0	0.0	0.0	0.0	0.0	0.0	0.0	0.0	0.0	0.0	0.0	0.0	0.0	0.0	0.0	0.0	0.0	0.0	0.0	0.0	0.0	0.0	0.0	0.0	0.0	0.0	0.0	0.0	0.0	0.0	0.0	0.0	0.0	0.0	0.0	0.0	0.0	0.0	0.0	0.0	0.0	0.0	0.0	0.0	0.0	0.0	0.0	0.0	0.0	0.0	0.0	0.0	0.0	0.0	0.0	0.0	0.0	0.0	0.0	0.0	0.0	0.0	0.0	0.0	0.0	0.0	0.0	0.0	0.0	0.0	0.0	0.0	0.0	0.0	0.0	0.0	0.0	0.0	0.0	0.0	0.0
CPI-SS0FDAB7BA8	CXCL10_DPP4	simple:P02778	simple:P27487	CXCL10	DPP4	True	False	True	curated	False	Ligand-Receptor	Signaling by Chemokines	0.0	0.0	0.0	0.0	0.0	0.0	0.0	0.0	0.0	0.0	0.0	0.0	0.0	0.0	0.0	0.0	0.0	0.0	0.0	0.0	0.0	0.0	0.0	0.0	0.0	0.0	0.0	0.0	0.0	0.0	0.0	0.0	0.0	0.0	0.0	0.0	0.0	0.0	0.0	0.0	0.0	0.0	0.0	0.0	0.0	0.0	0.0	0.0	0.0	0.0	0.0	0.0	0.0	0.0	0.0	0.0	0.0	0.0	0.0	0.0	0.0	0.0	0.0	0.0	0.0	0.0	0.0	0.0	0.0	0.0	0.0	0.0	0.0	0.0	0.0	0.0	0.0	0.0	0.0	0.0	0.0
CPI-SS0B1B18F2D	CXCL12_DPP4	simple:P48061	simple:P27487	CXCL12	DPP4	True	False	True	curated	False	Ligand-Receptor	Signaling by Chemokines	0.0	0.0	0.0	0.0	0.0	0.0	0.0	0.0	0.0	0.0	0.0	0.0	0.0	0.0	0.0	0.0	0.0	0.0	0.0	0.0	0.0	0.0	0.0	0.0	0.0	0.0	0.0	0.0	0.0	0.0	0.0	0.0	0.0	0.0	0.0	0.0	0.0	0.0	0.0	0.0	0.0	0.0	0.0	0.0	0.0	0.0	0.0	0.0	0.0	0.0	0.0	0.0	0.0	0.0	0.0	0.0	0.0	0.0	0.0	0.0	0.0	0.0	0.0	0.0	0.0	0.0	0.0	0.0	0.0	0.0	0.0	0.0	0.0	0.0	0.0	0.0	0.0	0.0	0.0	0.0	0.0
CPI-SS0315F51DD	CXCL8_CXCR2	simple:P10145	simple:P25025	CXCL8	CXCR2	True	False	True	curated	False	Ligand-Receptor	Signaling by Chemokines	0.0	0.0	0.0	0.0	0.0	0.0	0.0	0.0	0.0	0.0	0.0	0.0	0.0	0.0	0.0	0.0	0.0	0.0	0.0	0.0	0.0	0.0	0.0	0.0	0.0	0.0	0.0	0.0	0.0	0.0	0.0	0.0	0.0	0.0	0.0	0.0	0.0	0.0	0.0	0.0	0.0	0.0	0.0	0.0	0.0	0.0	0.0	0.0	0.0	0.0	0.0	0.0	0.0	0.0	0.0	0.0	0.0	0.0	0.0	0.0	0.0	0.0	0.0	0.0	0.0	0.0	0.0	0.0	0.0	0.0	0.0	0.0	0.0	0.0	0.0	0.0	0.0	0.0	0.0	0.0	0.0
CPI-SS0A28DCA72	CXCL12_CXCR4	simple:P48061	simple:P61073	CXCL12	CXCR4	True	False	True	curated	False	Ligand-Receptor	Signaling by Chemokines	0.0	27.633	39.733	0.0	0.0	0.0	0.0	0.0	0.0	0.0	0.0	0.0	0.0	0.0	0.0	0.0	0.0	0.0	0.0	0.0	0.0	0.0	0.0	0.0	0.0	0.0	0.0	0.0	10.945	15.737	0.0	0.0	0.0	0.0	0.0	0.0	0.0	21.94	31.547	0.0	0.0	0.0	0.0	0.0	0.0	0.0	69.546	100.0	0.0	0.0	0.0	0.0	0.0	0.0	0.0	18.037	25.936	0.0	0.0	0.0	0.0	0.0	0.0	0.0	30.469	43.811	0.0	0.0	0.0	0.0	0.0	0.0	0.0	0.0	0.0	0.0	0.0	0.0	0.0	0.0	0.0
CPI-SS0669CC233	CXCL14_CXCR4	simple:O95715	simple:P61073	CXCL14	CXCR4	True	False	True	curated	False	Ligand-Receptor	Signaling by Chemokines	0.0	0.0	0.0	0.0	0.0	0.0	0.0	0.0	0.0	0.0	0.0	0.0	0.0	0.0	0.0	0.0	0.0	0.0	0.0	0.0	0.0	0.0	0.0	0.0	0.0	0.0	0.0	0.0	0.0	0.0	0.0	0.0	0.0	0.0	0.0	0.0	0.0	0.0	0.0	0.0	0.0	0.0	0.0	0.0	0.0	0.0	0.0	0.0	0.0	0.0	0.0	0.0	0.0	0.0	0.0	0.0	0.0	0.0	0.0	0.0	0.0	0.0	0.0	0.0	0.0	0.0	0.0	0.0	0.0	0.0	0.0	0.0	0.0	0.0	0.0	0.0	0.0	0.0	0.0	0.0	0.0
CPI-CS0406B0B69	Cholesterol_byLIPA_RORA	complex:Cholesterol_byLIPA	simple:P35398		RORA	True	False	True	curated	False	Ligand-Receptor	Signaling by Cholesterol	0.0	0.0	0.0	0.0	0.0	0.0	0.0	0.0	0.0	78.193	76.175	100.0	91.573	49.352	86.962	72.114	45.642	0.0	68.803	67.028	87.992	80.577	43.426	76.519	63.454	40.162	0.0	16.948	16.511	21.675	19.849	10.697	18.849	15.631	9.893	0.0	68.375	66.611	87.445	80.076	43.156	76.043	63.06	39.912	0.0	0.0	0.0	0.0	0.0	0.0	0.0	0.0	0.0	0.0	15.557	15.156	19.896	18.22	9.819	17.302	14.348	9.081	0.0	23.56	22.953	30.131	27.592	14.871	26.203	21.729	13.753	0.0	0.0	0.0	0.0	0.0	0.0	0.0	0.0	0.0	0.0
CPI-SS0F62347D4	C1QL1_ADGRB3	simple:O75973	simple:O60242	C1QL1	ADGRB3	True	False	True	curated	False	Ligand-Receptor	Signaling by Complement	0.0	0.0	0.0	0.0	0.0	0.0	0.0	0.0	0.0	0.0	0.0	0.0	0.0	0.0	0.0	0.0	0.0	0.0	0.0	0.0	0.0	0.0	0.0	0.0	0.0	0.0	0.0	0.0	0.0	0.0	0.0	0.0	0.0	0.0	0.0	0.0	0.0	0.0	0.0	0.0	0.0	0.0	0.0	0.0	0.0	0.0	0.0	0.0	0.0	0.0	0.0	0.0	0.0	0.0	0.0	0.0	0.0	0.0	0.0	0.0	0.0	0.0	0.0	0.0	0.0	0.0	0.0	0.0	0.0	0.0	0.0	0.0	0.0	0.0	0.0	0.0	0.0	0.0	0.0	0.0	0.0
CPI-SC0037338E6	IHH_PTCH_BOC_transmembrane_receptor	simple:Q14623	complex:PTCH_BOC_transmembrane_receptor	IHH		True	False	True	curated	False	Ligand-Receptor	Signaling by Indian hedgehog	0.0	0.0	0.0	0.0	0.0	0.0	0.0	0.0	0.0	0.0	0.0	0.0	0.0	0.0	0.0	0.0	0.0	0.0	0.0	0.0	0.0	0.0	0.0	0.0	0.0	0.0	0.0	0.0	0.0	0.0	0.0	0.0	0.0	0.0	0.0	0.0	0.0	0.0	0.0	0.0	0.0	0.0	0.0	0.0	0.0	0.0	0.0	0.0	0.0	0.0	0.0	0.0	0.0	0.0	0.0	0.0	0.0	0.0	0.0	0.0	0.0	0.0	0.0	0.0	0.0	0.0	0.0	0.0	0.0	0.0	0.0	0.0	0.0	0.0	0.0	0.0	0.0	0.0	0.0	0.0	0.0
CPI-SC0C3E862AA	IHH_PTCH_GAS1_transmembrane_receptor	simple:Q14623	complex:PTCH_GAS1_transmembrane_receptor	IHH		True	False	True	curated	False	Ligand-Receptor	Signaling by Indian hedgehog	0.0	0.0	0.0	0.0	0.0	0.0	0.0	0.0	0.0	0.0	0.0	0.0	0.0	0.0	0.0	0.0	0.0	0.0	0.0	0.0	0.0	0.0	0.0	0.0	0.0	0.0	0.0	0.0	0.0	0.0	0.0	0.0	0.0	0.0	0.0	0.0	0.0	0.0	0.0	0.0	0.0	0.0	0.0	0.0	0.0	0.0	0.0	0.0	0.0	0.0	0.0	0.0	0.0	0.0	0.0	0.0	0.0	0.0	0.0	0.0	0.0	0.0	0.0	0.0	0.0	0.0	0.0	0.0	0.0	0.0	0.0	0.0	0.0	0.0	0.0	0.0	0.0	0.0	0.0	0.0	0.0
CPI-SS055233B99	IHH_HHIP	simple:Q14623	simple:Q96QV1	IHH	HHIP	True	False	False	curated	False	Ligand-Ligand	Signaling by Indian hedgehog	0.0	0.0	0.0	0.0	0.0	0.0	0.0	0.0	0.0	0.0	0.0	0.0	0.0	0.0	0.0	0.0	0.0	0.0	0.0	0.0	0.0	0.0	0.0	0.0	0.0	0.0	0.0	0.0	0.0	0.0	0.0	0.0	0.0	0.0	0.0	0.0	0.0	0.0	0.0	0.0	0.0	0.0	0.0	0.0	0.0	0.0	0.0	0.0	0.0	0.0	0.0	0.0	0.0	0.0	0.0	0.0	0.0	0.0	0.0	0.0	0.0	0.0	0.0	0.0	0.0	0.0	0.0	0.0	0.0	0.0	0.0	0.0	0.0	0.0	0.0	0.0	0.0	0.0	0.0	0.0	0.0
CPI-SS0D8632EB4	EDN1_EDNRA	simple:P05305	simple:P25101	EDN1	EDNRA	True	False	True	curated	False	Ligand-Receptor	Signaling by Endothelin	0.0	0.0	0.0	0.0	0.0	0.0	0.0	0.0	0.0	0.0	0.0	0.0	0.0	0.0	0.0	0.0	0.0	0.0	7.199	0.0	4.337	0.0	10.852	28.47	38.819	33.412	0.0	0.0	0.0	0.0	0.0	0.0	0.0	0.0	0.0	0.0	18.546	0.0	11.172	0.0	27.955	73.34	100.0	86.07	0.0	0.0	0.0	0.0	0.0	0.0	0.0	0.0	0.0	0.0	0.0	0.0	0.0	0.0	0.0	0.0	0.0	0.0	0.0	14.726	0.0	8.872	0.0	22.198	58.237	79.406	68.345	0.0	0.0	0.0	0.0	0.0	0.0	0.0	0.0	0.0	0.0
CPI-SS056AA08CF	EDN2_EDNRA	simple:P20800	simple:P25101	EDN2	EDNRA	True	False	True	curated	False	Ligand-Receptor	Signaling by Endothelin	0.0	0.0	0.0	0.0	0.0	0.0	0.0	0.0	0.0	0.0	0.0	0.0	0.0	0.0	0.0	0.0	0.0	0.0	0.0	0.0	0.0	0.0	0.0	0.0	0.0	0.0	0.0	0.0	0.0	0.0	0.0	0.0	0.0	0.0	0.0	0.0	0.0	0.0	0.0	0.0	0.0	0.0	0.0	0.0	0.0	0.0	0.0	0.0	0.0	0.0	0.0	0.0	0.0	0.0	0.0	0.0	0.0	0.0	0.0	0.0	0.0	0.0	0.0	0.0	0.0	0.0	0.0	0.0	0.0	0.0	0.0	0.0	0.0	0.0	0.0	0.0	0.0	0.0	0.0	0.0	0.0
CPI-SS03D5CBF55	EDN3_EDNRA	simple:P14138	simple:P25101	EDN3	EDNRA	True	False	True	curated	False	Ligand-Receptor	Signaling by Endothelin	0.0	0.0	0.0	0.0	0.0	0.0	0.0	0.0	0.0	0.0	0.0	0.0	0.0	0.0	0.0	0.0	0.0	0.0	0.0	0.0	0.0	0.0	0.0	0.0	0.0	0.0	0.0	0.0	0.0	0.0	0.0	0.0	0.0	0.0	0.0	0.0	0.0	0.0	0.0	0.0	0.0	0.0	0.0	0.0	0.0	0.0	0.0	0.0	0.0	0.0	0.0	0.0	0.0	0.0	0.0	0.0	0.0	0.0	0.0	0.0	0.0	0.0	0.0	0.0	0.0	0.0	0.0	0.0	0.0	0.0	0.0	0.0	0.0	0.0	0.0	0.0	0.0	0.0	0.0	0.0	0.0
CPI-SS0C70ADA28	EFNA5_EPHA3	simple:P52803	simple:P29320	EFNA5	EPHA3	True	False	True	curated	False	Ligand-Receptor	Signaling by Ephrin	0.0	0.0	0.0	0.0	0.0	0.0	0.0	0.0	0.0	0.0	0.0	0.0	0.0	0.0	0.0	0.0	0.0	0.0	0.0	0.0	0.0	0.0	0.0	0.0	39.136	18.014	0.0	0.0	0.0	0.0	0.0	0.0	0.0	0.0	0.0	0.0	0.0	0.0	0.0	0.0	0.0	0.0	53.016	24.403	0.0	0.0	0.0	0.0	0.0	0.0	0.0	100.0	46.03	0.0	0.0	0.0	0.0	0.0	0.0	0.0	0.0	0.0	0.0	0.0	0.0	0.0	0.0	0.0	0.0	0.0	0.0	0.0	0.0	0.0	0.0	0.0	0.0	0.0	0.0	0.0	0.0
CPI-SS0FC01B947	EFNA5_EPHA4	simple:P52803	simple:P54764	EFNA5	EPHA4	False	False	True	curated	False	Ligand-Receptor	Signaling by Ephrin	0.0	0.0	0.0	0.0	0.0	0.0	0.0	0.0	0.0	0.0	0.0	0.0	0.0	0.0	0.0	0.0	0.0	0.0	28.652	0.0	0.0	0.0	0.0	39.136	0.0	0.0	0.0	0.0	0.0	0.0	0.0	0.0	0.0	0.0	0.0	0.0	38.814	0.0	0.0	0.0	0.0	53.016	0.0	0.0	0.0	73.212	0.0	0.0	0.0	0.0	100.0	0.0	0.0	0.0	0.0	0.0	0.0	0.0	0.0	0.0	0.0	0.0	0.0	0.0	0.0	0.0	0.0	0.0	0.0	0.0	0.0	0.0	0.0	0.0	0.0	0.0	0.0	0.0	0.0	0.0	0.0
CPI-SS087E0E3FB	EFNB2_EPHA4	simple:P52799	simple:P54764	EFNB2	EPHA4	False	True	True	curated	False	Ligand-Receptor	Signaling by Ephrin	0.0	0.0	0.0	0.0	0.0	0.0	0.0	0.0	0.0	47.818	0.0	0.0	0.0	0.0	65.315	0.0	0.0	0.0	51.327	0.0	0.0	0.0	0.0	70.107	0.0	0.0	0.0	0.0	0.0	0.0	0.0	0.0	0.0	0.0	0.0	0.0	23.826	0.0	0.0	0.0	0.0	32.543	0.0	0.0	0.0	33.8	0.0	0.0	0.0	0.0	46.167	0.0	0.0	0.0	73.212	0.0	0.0	0.0	0.0	100.0	0.0	0.0	0.0	35.667	0.0	0.0	0.0	0.0	48.717	0.0	0.0	0.0	0.0	0.0	0.0	0.0	0.0	0.0	0.0	0.0	0.0
CPI-SS068ACD209	EFNA5_EPHB2	simple:P52803	simple:P29323	EFNA5	EPHB2	False	False	True	curated	False	Ligand-Receptor	Signaling by Ephrin	0.0	0.0	0.0	0.0	0.0	0.0	0.0	0.0	0.0	0.0	0.0	0.0	0.0	0.0	0.0	0.0	0.0	0.0	0.0	0.0	0.0	0.0	0.0	0.0	0.0	0.0	0.0	0.0	0.0	0.0	0.0	0.0	0.0	0.0	0.0	0.0	0.0	0.0	0.0	0.0	0.0	0.0	0.0	0.0	0.0	0.0	0.0	0.0	0.0	0.0	0.0	0.0	0.0	0.0	0.0	0.0	0.0	0.0	0.0	0.0	0.0	0.0	0.0	0.0	0.0	0.0	0.0	0.0	0.0	0.0	0.0	0.0	0.0	0.0	0.0	0.0	0.0	0.0	0.0	0.0	0.0
CPI-SS0ECC9DF3E	EFNB2_EPHB2	simple:P52799	simple:P29323	EFNB2	EPHB2	False	True	True	curated	False	Ligand-Receptor	Signaling by Ephrin	0.0	0.0	0.0	0.0	0.0	0.0	0.0	0.0	0.0	0.0	0.0	0.0	0.0	0.0	0.0	0.0	0.0	0.0	0.0	0.0	0.0	0.0	0.0	0.0	0.0	0.0	0.0	0.0	0.0	0.0	0.0	0.0	0.0	0.0	0.0	0.0	0.0	0.0	0.0	0.0	0.0	0.0	0.0	0.0	0.0	0.0	0.0	0.0	0.0	0.0	0.0	0.0	0.0	0.0	0.0	0.0	0.0	0.0	0.0	0.0	0.0	0.0	0.0	0.0	0.0	0.0	0.0	0.0	0.0	0.0	0.0	0.0	0.0	0.0	0.0	0.0	0.0	0.0	0.0	0.0	0.0
CPI-SS05ABE6795	EFNB2_EPHB6	simple:P52799	simple:O15197	EFNB2	EPHB6	True	True	True	curated	False	Ligand-Receptor	Signaling by Ephrin	0.0	0.0	0.0	0.0	0.0	0.0	0.0	0.0	0.0	0.0	0.0	0.0	0.0	0.0	0.0	65.315	0.0	0.0	0.0	0.0	0.0	0.0	0.0	0.0	70.107	0.0	0.0	0.0	0.0	0.0	0.0	0.0	0.0	0.0	0.0	0.0	0.0	0.0	0.0	0.0	0.0	0.0	32.543	0.0	0.0	0.0	0.0	0.0	0.0	0.0	0.0	46.167	0.0	0.0	0.0	0.0	0.0	0.0	0.0	0.0	100.0	0.0	0.0	0.0	0.0	0.0	0.0	0.0	0.0	48.717	0.0	0.0	0.0	0.0	0.0	0.0	0.0	0.0	0.0	0.0	0.0
CPI-SS052119104	AREG_EGFR	simple:P15514	simple:P00533	AREG	EGFR	True	False	True	curated	False	Ligand-Receptor	Signaling by Epidermal growth factor	0.0	0.0	0.0	0.0	0.0	0.0	0.0	0.0	0.0	0.0	0.0	0.0	44.537	28.76	46.54	34.015	18.748	0.0	0.0	0.0	0.0	0.0	0.0	0.0	0.0	0.0	0.0	0.0	0.0	0.0	95.697	61.796	100.0	73.087	40.284	0.0	0.0	0.0	0.0	0.0	0.0	0.0	0.0	0.0	0.0	0.0	0.0	0.0	0.0	0.0	0.0	0.0	0.0	0.0	0.0	0.0	0.0	0.0	0.0	0.0	0.0	0.0	0.0	0.0	0.0	0.0	0.0	0.0	0.0	0.0	0.0	0.0	0.0	0.0	0.0	0.0	0.0	0.0	0.0	0.0	0.0
CPI-SS09947DDD9	EGF_EGFR	simple:P01133	simple:P00533	EGF	EGFR	True	False	True	curated	False	Ligand-Receptor	Signaling by Epidermal growth factor	0.0	0.0	0.0	0.0	0.0	0.0	0.0	0.0	0.0	0.0	0.0	0.0	0.0	0.0	0.0	0.0	0.0	0.0	0.0	0.0	0.0	0.0	0.0	0.0	0.0	0.0	0.0	0.0	0.0	0.0	0.0	0.0	0.0	0.0	0.0	0.0	0.0	0.0	0.0	0.0	0.0	0.0	0.0	0.0	0.0	0.0	0.0	0.0	0.0	0.0	0.0	0.0	0.0	0.0	0.0	0.0	0.0	0.0	0.0	0.0	0.0	0.0	0.0	0.0	0.0	0.0	0.0	0.0	0.0	0.0	0.0	0.0	0.0	0.0	0.0	0.0	0.0	0.0	0.0	0.0	0.0
CPI-SS0430C8A78	FLRT1_ADGRL3	simple:Q9NZU1	simple:Q9HAR2	FLRT1	ADGRL3	False	False	True	curated	False	Ligand-Receptor	Signaling by Fibronectin	0.0	0.0	0.0	0.0	0.0	0.0	0.0	0.0	0.0	0.0	0.0	0.0	0.0	0.0	0.0	0.0	0.0	0.0	0.0	0.0	0.0	0.0	0.0	0.0	0.0	0.0	0.0	0.0	0.0	0.0	0.0	0.0	0.0	0.0	0.0	0.0	0.0	0.0	0.0	0.0	0.0	0.0	0.0	0.0	0.0	0.0	0.0	0.0	0.0	0.0	0.0	0.0	0.0	0.0	0.0	0.0	0.0	0.0	0.0	0.0	0.0	0.0	0.0	0.0	0.0	0.0	0.0	0.0	0.0	0.0	0.0	0.0	0.0	0.0	0.0	0.0	0.0	0.0	0.0	0.0	0.0
CPI-CS059C42E4B	TENM3_FLRT1_complex_ADGRL3	complex:TENM3_FLRT1_complex	simple:Q9HAR2		ADGRL3	False	True	True	curated	False	Ligand-Receptor	Signaling by Fibronectin	0.0	0.0	0.0	0.0	0.0	0.0	0.0	0.0	0.0	0.0	0.0	0.0	0.0	0.0	0.0	0.0	0.0	0.0	0.0	0.0	0.0	0.0	0.0	0.0	0.0	0.0	0.0	0.0	0.0	0.0	0.0	0.0	0.0	0.0	0.0	0.0	0.0	0.0	0.0	0.0	0.0	0.0	0.0	0.0	0.0	0.0	0.0	0.0	0.0	0.0	0.0	0.0	0.0	0.0	0.0	0.0	0.0	0.0	0.0	0.0	0.0	0.0	0.0	0.0	0.0	0.0	0.0	0.0	0.0	0.0	0.0	0.0	0.0	0.0	0.0	0.0	0.0	0.0	0.0	0.0	0.0
CPI-SS0474E1C15	FLRT2_ADGRL3	simple:O43155	simple:Q9HAR2	FLRT2	ADGRL3	False	False	True	curated	False	Ligand-Receptor	Signaling by Fibronectin	0.0	0.0	0.0	0.0	0.0	50.843	0.0	0.0	0.0	0.0	0.0	0.0	0.0	0.0	0.0	0.0	0.0	0.0	0.0	0.0	0.0	0.0	0.0	0.0	0.0	0.0	0.0	0.0	0.0	0.0	0.0	0.0	21.394	0.0	0.0	0.0	0.0	0.0	0.0	0.0	0.0	43.88	0.0	0.0	0.0	0.0	0.0	0.0	0.0	0.0	100.0	0.0	0.0	0.0	0.0	0.0	0.0	0.0	0.0	0.0	0.0	0.0	0.0	0.0	0.0	0.0	0.0	0.0	19.801	0.0	0.0	0.0	0.0	0.0	0.0	0.0	0.0	0.0	0.0	0.0	0.0
CPI-SS052641D5A	FLRT3_ADGRL3	simple:Q9NZU0	simple:Q9HAR2	FLRT3	ADGRL3	False	False	True	curated	False	Ligand-Receptor	Signaling by Fibronectin	0.0	0.0	0.0	0.0	0.0	0.0	0.0	0.0	0.0	0.0	0.0	0.0	0.0	0.0	0.0	0.0	0.0	0.0	0.0	0.0	0.0	0.0	0.0	0.0	0.0	0.0	0.0	0.0	0.0	0.0	0.0	0.0	52.562	0.0	0.0	0.0	0.0	0.0	0.0	0.0	0.0	0.0	0.0	0.0	0.0	0.0	0.0	0.0	0.0	0.0	100.0	0.0	0.0	0.0	0.0	0.0	0.0	0.0	0.0	0.0	0.0	0.0	0.0	0.0	0.0	0.0	0.0	0.0	0.0	0.0	0.0	0.0	0.0	0.0	0.0	0.0	0.0	0.0	0.0	0.0	0.0
CPI-CS0D62B1695	TENM3_FLRT3_complex_ADGRL3	complex:TENM3_FLRT3_complex	simple:Q9HAR2		ADGRL3	False	True	True	curated	False	Ligand-Receptor	Signaling by Fibronectin	0.0	0.0	0.0	0.0	0.0	0.0	0.0	0.0	0.0	0.0	0.0	0.0	0.0	0.0	0.0	0.0	0.0	0.0	0.0	0.0	0.0	0.0	0.0	0.0	0.0	0.0	0.0	0.0	0.0	0.0	0.0	0.0	0.0	0.0	0.0	0.0	0.0	0.0	0.0	0.0	0.0	0.0	0.0	0.0	0.0	0.0	0.0	0.0	0.0	0.0	100.0	0.0	0.0	0.0	0.0	0.0	0.0	0.0	0.0	0.0	0.0	0.0	0.0	0.0	0.0	0.0	0.0	0.0	0.0	0.0	0.0	0.0	0.0	0.0	0.0	0.0	0.0	0.0	0.0	0.0	0.0
CPI-SS038A612D7	TENM1_ADGRL3	simple:Q9UKZ4	simple:Q9HAR2	TENM1	ADGRL3	False	False	True	curated	False	Ligand-Receptor	Signaling by Teneurin	0.0	0.0	0.0	0.0	0.0	0.0	0.0	0.0	0.0	0.0	0.0	0.0	0.0	0.0	0.0	0.0	0.0	0.0	0.0	0.0	0.0	0.0	0.0	0.0	0.0	0.0	0.0	0.0	0.0	0.0	0.0	0.0	0.0	0.0	0.0	0.0	0.0	0.0	0.0	0.0	0.0	0.0	0.0	0.0	0.0	0.0	0.0	0.0	0.0	0.0	100.0	0.0	0.0	0.0	0.0	0.0	0.0	0.0	0.0	0.0	0.0	0.0	0.0	0.0	0.0	0.0	0.0	0.0	0.0	0.0	0.0	0.0	0.0	0.0	0.0	0.0	0.0	0.0	0.0	0.0	0.0
CPI-SS0BCB3D402	TENM2_ADGRL3	simple:Q9NT68	simple:Q9HAR2	TENM2	ADGRL3	False	False	True	curated	False	Ligand-Receptor	Signaling by Teneurin	0.0	0.0	0.0	0.0	0.0	0.0	0.0	0.0	0.0	0.0	0.0	0.0	0.0	0.0	0.0	0.0	0.0	0.0	0.0	0.0	0.0	0.0	0.0	0.0	0.0	0.0	0.0	0.0	0.0	0.0	0.0	0.0	0.0	0.0	0.0	0.0	0.0	0.0	0.0	0.0	0.0	100.0	0.0	0.0	0.0	0.0	0.0	0.0	0.0	0.0	0.0	0.0	0.0	0.0	0.0	0.0	0.0	0.0	0.0	0.0	0.0	0.0	0.0	0.0	0.0	0.0	0.0	0.0	0.0	0.0	0.0	0.0	0.0	0.0	0.0	0.0	0.0	0.0	0.0	0.0	0.0
CPI-SS0EA023E51	TENM3_ADGRL3	simple:Q9P273	simple:Q9HAR2	TENM3	ADGRL3	False	False	True	curated	False	Ligand-Receptor	Signaling by Teneurin	0.0	0.0	0.0	0.0	0.0	0.0	0.0	0.0	0.0	0.0	0.0	0.0	0.0	0.0	0.0	0.0	0.0	0.0	0.0	0.0	0.0	0.0	0.0	0.0	0.0	0.0	0.0	0.0	0.0	0.0	0.0	0.0	0.0	0.0	0.0	0.0	0.0	0.0	0.0	0.0	0.0	67.943	0.0	0.0	0.0	0.0	0.0	0.0	0.0	0.0	100.0	0.0	0.0	0.0	0.0	0.0	0.0	0.0	0.0	0.0	0.0	0.0	0.0	0.0	0.0	0.0	0.0	0.0	0.0	0.0	0.0	0.0	0.0	0.0	0.0	0.0	0.0	0.0	0.0	0.0	0.0
CPI-SS01F00A48A	TENM4_ADGRL3	simple:Q6N022	simple:Q9HAR2	TENM4	ADGRL3	False	False	True	curated	False	Ligand-Receptor	Signaling by Teneurin	0.0	0.0	0.0	0.0	0.0	0.0	0.0	0.0	0.0	0.0	0.0	0.0	0.0	0.0	0.0	0.0	0.0	0.0	0.0	0.0	0.0	0.0	0.0	0.0	0.0	0.0	0.0	0.0	0.0	0.0	0.0	0.0	0.0	0.0	0.0	0.0	0.0	0.0	0.0	0.0	0.0	0.0	0.0	0.0	0.0	0.0	0.0	0.0	0.0	0.0	0.0	0.0	0.0	0.0	0.0	0.0	0.0	0.0	0.0	0.0	0.0	0.0	0.0	0.0	0.0	0.0	0.0	0.0	0.0	0.0	0.0	0.0	0.0	0.0	0.0	0.0	0.0	0.0	0.0	0.0	0.0
CPI-SS08BFFB96E	FLRT3_ADGRL2	simple:Q9NZU0	simple:O95490	FLRT3	ADGRL2	False	False	True	curated	False	Ligand-Receptor	Signaling by Fibronectin	0.0	0.0	0.0	0.0	0.0	0.0	0.0	0.0	0.0	0.0	0.0	0.0	0.0	0.0	0.0	0.0	0.0	0.0	0.0	0.0	0.0	0.0	0.0	0.0	0.0	0.0	0.0	0.0	52.562	43.039	7.783	41.349	43.074	27.032	22.959	0.0	0.0	0.0	0.0	0.0	0.0	0.0	0.0	0.0	0.0	0.0	100.0	81.883	14.808	78.668	81.95	51.43	43.68	0.0	0.0	0.0	0.0	0.0	0.0	0.0	0.0	0.0	0.0	0.0	0.0	0.0	0.0	0.0	0.0	0.0	0.0	0.0	0.0	0.0	0.0	0.0	0.0	0.0	0.0	0.0	0.0
CPI-CS049AAD8F5	TENM2_FLRT3_complex_ADGRL2	complex:TENM2_FLRT3_complex	simple:O95490		ADGRL2	False	True	True	curated	False	Ligand-Receptor	Signaling by Fibronectin	0.0	0.0	0.0	0.0	0.0	0.0	0.0	0.0	0.0	0.0	0.0	0.0	0.0	0.0	0.0	0.0	0.0	0.0	0.0	0.0	0.0	0.0	0.0	0.0	0.0	0.0	0.0	0.0	0.0	0.0	0.0	0.0	0.0	0.0	0.0	0.0	0.0	0.0	0.0	0.0	0.0	0.0	0.0	0.0	0.0	0.0	0.0	0.0	0.0	0.0	0.0	0.0	0.0	0.0	0.0	0.0	0.0	0.0	0.0	0.0	0.0	0.0	0.0	0.0	0.0	0.0	0.0	0.0	0.0	0.0	0.0	0.0	0.0	0.0	0.0	0.0	0.0	0.0	0.0	0.0	0.0
CPI-SS083BB1EB3	TENM1_ADGRL2	simple:Q9UKZ4	simple:O95490	TENM1	ADGRL2	False	False	True	curated	False	Ligand-Receptor	Signaling by Teneurin	0.0	0.0	0.0	0.0	0.0	0.0	0.0	0.0	0.0	0.0	0.0	0.0	0.0	0.0	0.0	0.0	0.0	0.0	0.0	0.0	0.0	0.0	0.0	0.0	0.0	0.0	0.0	0.0	0.0	0.0	0.0	0.0	0.0	0.0	0.0	0.0	0.0	0.0	0.0	0.0	0.0	0.0	0.0	0.0	0.0	0.0	100.0	81.883	14.808	78.668	81.95	51.43	43.68	0.0	0.0	0.0	0.0	0.0	0.0	0.0	0.0	0.0	0.0	0.0	0.0	0.0	0.0	0.0	0.0	0.0	0.0	0.0	0.0	0.0	0.0	0.0	0.0	0.0	0.0	0.0	0.0
CPI-SS021718DBF	TENM2_ADGRL2	simple:Q9NT68	simple:O95490	TENM2	ADGRL2	False	False	True	curated	False	Ligand-Receptor	Signaling by Teneurin	0.0	0.0	0.0	0.0	0.0	0.0	0.0	0.0	0.0	0.0	0.0	0.0	0.0	0.0	0.0	0.0	0.0	0.0	0.0	0.0	0.0	0.0	0.0	0.0	0.0	0.0	0.0	0.0	0.0	0.0	0.0	0.0	0.0	0.0	0.0	0.0	0.0	100.0	81.883	14.808	78.668	81.95	51.43	43.68	0.0	0.0	0.0	0.0	0.0	0.0	0.0	0.0	0.0	0.0	0.0	0.0	0.0	0.0	0.0	0.0	0.0	0.0	0.0	0.0	0.0	0.0	0.0	0.0	0.0	0.0	0.0	0.0	0.0	0.0	0.0	0.0	0.0	0.0	0.0	0.0	0.0
CPI-SS075F456AF	TENM3_ADGRL2	simple:Q9P273	simple:O95490	TENM3	ADGRL2	False	False	True	curated	False	Ligand-Receptor	Signaling by Teneurin	0.0	0.0	0.0	0.0	0.0	0.0	0.0	0.0	0.0	0.0	0.0	0.0	0.0	0.0	0.0	0.0	0.0	0.0	0.0	0.0	0.0	0.0	0.0	0.0	0.0	0.0	0.0	0.0	0.0	0.0	0.0	0.0	0.0	0.0	0.0	0.0	0.0	67.943	55.634	10.061	53.45	55.679	34.943	29.678	0.0	0.0	100.0	81.883	14.808	78.668	81.95	51.43	43.68	0.0	0.0	0.0	0.0	0.0	0.0	0.0	0.0	0.0	0.0	0.0	0.0	0.0	0.0	0.0	0.0	0.0	0.0	0.0	0.0	0.0	0.0	0.0	0.0	0.0	0.0	0.0	0.0
CPI-SS0FD44484F	TENM4_ADGRL2	simple:Q6N022	simple:O95490	TENM4	ADGRL2	False	False	True	curated	False	Ligand-Receptor	Signaling by Teneurin	0.0	0.0	0.0	0.0	0.0	0.0	0.0	0.0	0.0	0.0	0.0	0.0	0.0	0.0	0.0	0.0	0.0	0.0	0.0	0.0	0.0	0.0	0.0	0.0	0.0	0.0	0.0	0.0	0.0	0.0	0.0	0.0	0.0	0.0	0.0	0.0	0.0	0.0	0.0	0.0	0.0	0.0	0.0	0.0	0.0	0.0	0.0	0.0	0.0	0.0	0.0	0.0	0.0	0.0	0.0	0.0	0.0	0.0	0.0	0.0	0.0	0.0	0.0	0.0	0.0	0.0	0.0	0.0	0.0	0.0	0.0	0.0	0.0	0.0	0.0	0.0	0.0	0.0	0.0	0.0	0.0
CPI-SS0DE3B267F	GHRL_GHSR	simple:Q9UBU3	simple:Q92847	GHRL	GHSR	True	False	True	curated	False	Ligand-Receptor	Signaling by Growth hormone-releasing hormone	0.0	0.0	0.0	0.0	0.0	0.0	0.0	0.0	0.0	0.0	0.0	0.0	0.0	0.0	0.0	0.0	0.0	0.0	0.0	0.0	0.0	0.0	0.0	0.0	0.0	0.0	0.0	0.0	0.0	0.0	0.0	0.0	0.0	0.0	0.0	0.0	0.0	0.0	0.0	0.0	0.0	0.0	0.0	0.0	0.0	0.0	0.0	0.0	0.0	0.0	0.0	0.0	0.0	0.0	0.0	0.0	0.0	0.0	0.0	0.0	0.0	0.0	0.0	0.0	0.0	0.0	0.0	0.0	0.0	0.0	0.0	0.0	0.0	0.0	0.0	0.0	0.0	0.0	0.0	0.0	0.0
CPI-SS09F7A6011	PENK_GHSR	simple:P01210	simple:Q92847	PENK	GHSR	True	False	True	curated	False	Ligand-Receptor		0.0	0.0	0.0	0.0	0.0	0.0	0.0	0.0	0.0	0.0	0.0	0.0	0.0	0.0	0.0	0.0	0.0	0.0	0.0	0.0	0.0	0.0	0.0	0.0	0.0	0.0	0.0	0.0	0.0	0.0	0.0	0.0	0.0	0.0	0.0	0.0	0.0	0.0	0.0	0.0	0.0	0.0	0.0	0.0	0.0	0.0	0.0	0.0	0.0	0.0	0.0	0.0	0.0	0.0	0.0	0.0	0.0	0.0	0.0	0.0	0.0	0.0	0.0	0.0	0.0	0.0	0.0	0.0	0.0	0.0	0.0	0.0	0.0	0.0	0.0	0.0	0.0	0.0	0.0	0.0	0.0
CPI-CS0215886EA	LTC4_byLTC4S_CYSLTR1	complex:LTC4_byLTC4S	simple:Q9Y271		CYSLTR1	True	False	True	curated	False	Ligand-Receptor	Signaling by Lipoxin/Leukotriene	0.0	0.0	0.0	0.0	0.0	0.0	0.0	0.0	0.0	0.0	0.0	0.0	0.0	0.0	0.0	0.0	0.0	0.0	0.0	0.0	0.0	0.0	0.0	0.0	0.0	0.0	0.0	0.0	100.0	44.214	0.0	0.0	0.0	0.0	0.0	0.0	0.0	0.0	0.0	0.0	0.0	0.0	0.0	0.0	0.0	0.0	0.0	0.0	0.0	0.0	0.0	0.0	0.0	0.0	0.0	0.0	0.0	0.0	0.0	0.0	0.0	0.0	0.0	0.0	0.0	0.0	0.0	0.0	0.0	0.0	0.0	0.0	0.0	0.0	0.0	0.0	0.0	0.0	0.0	0.0	0.0
CPI-SS027E12A36	MDK_PTPRZ1	simple:P21741	simple:P23471	MDK	PTPRZ1	True	False	False	curated	False	Ligand-Receptor	Signaling by Midkine	0.0	0.0	0.0	0.0	0.0	0.0	0.0	0.0	0.0	0.0	0.0	0.0	0.0	0.0	0.0	0.0	0.0	0.0	0.0	0.0	0.0	0.0	0.0	0.0	0.0	0.0	0.0	0.0	0.0	0.0	0.0	0.0	0.0	0.0	0.0	0.0	0.0	0.0	0.0	0.0	0.0	0.0	0.0	0.0	0.0	0.0	0.0	0.0	0.0	0.0	0.0	0.0	0.0	0.0	0.0	0.0	0.0	0.0	0.0	0.0	0.0	0.0	0.0	0.0	0.0	0.0	0.0	0.0	0.0	0.0	0.0	0.0	0.0	0.0	0.0	0.0	0.0	0.0	0.0	0.0	0.0
CPI-SS04E690D72	PTN_PTPRZ1	simple:P21246	simple:P23471	PTN	PTPRZ1	True	False	False	curated	False	Ligand-Receptor	Signaling by Pleiotrophin	0.0	0.0	0.0	0.0	0.0	0.0	0.0	0.0	0.0	0.0	0.0	0.0	0.0	0.0	0.0	0.0	0.0	0.0	0.0	0.0	0.0	0.0	0.0	0.0	0.0	0.0	0.0	0.0	0.0	0.0	0.0	0.0	0.0	0.0	0.0	0.0	0.0	0.0	0.0	0.0	0.0	0.0	0.0	0.0	0.0	0.0	0.0	0.0	0.0	0.0	0.0	0.0	0.0	0.0	0.0	0.0	0.0	0.0	0.0	0.0	0.0	0.0	0.0	0.0	0.0	0.0	0.0	0.0	0.0	0.0	0.0	0.0	0.0	0.0	0.0	0.0	0.0	0.0	0.0	0.0	0.0
CPI-SS0730D1EF3	CNTN1_MCAM	simple:Q12860	simple:P43121	CNTN1	MCAM	False	False	False	curated	False	Adhesion-Adhesion		0.0	0.0	0.0	0.0	0.0	0.0	0.0	0.0	0.0	0.0	0.0	0.0	0.0	0.0	0.0	0.0	0.0	0.0	0.0	0.0	0.0	0.0	0.0	0.0	0.0	0.0	0.0	0.0	0.0	0.0	0.0	0.0	0.0	0.0	0.0	0.0	0.0	0.0	0.0	0.0	0.0	0.0	0.0	0.0	0.0	12.697	75.216	75.275	0.0	15.812	0.0	71.252	100.0	0.0	0.0	0.0	0.0	0.0	0.0	0.0	0.0	0.0	0.0	0.0	0.0	0.0	0.0	0.0	0.0	0.0	0.0	0.0	0.0	0.0	0.0	0.0	0.0	0.0	0.0	0.0	0.0
CPI-SS007AA9FDE	DLK1_NOTCH3	simple:P80370	simple:Q9UM47	DLK1	NOTCH3	False	False	True	curated	False	Ligand-Receptor	Signaling by Notch	0.0	0.0	0.0	0.0	0.0	0.0	0.0	0.0	0.0	0.0	0.0	0.0	0.0	1.69	1.063	3.811	4.518	0.0	0.0	0.0	0.0	0.0	0.0	0.0	0.0	0.0	0.0	0.0	0.0	0.0	0.0	37.416	23.52	84.341	100.0	0.0	0.0	0.0	0.0	0.0	19.712	12.391	44.434	52.684	0.0	0.0	0.0	0.0	0.0	12.65	7.952	28.516	33.81	0.0	0.0	0.0	0.0	0.0	5.011	3.15	11.295	13.392	0.0	0.0	0.0	0.0	0.0	4.226	2.657	9.527	11.296	0.0	0.0	0.0	0.0	0.0	0.0	0.0	0.0	0.0	0.0
CPI-SS0B99F22A2	JAG1_NOTCH3	simple:P78504	simple:Q9UM47	JAG1	NOTCH3	False	False	True	curated	False	Ligand-Receptor	Signaling by Notch	0.0	0.0	0.0	0.0	7.88	4.954	17.764	21.061	0.0	0.0	0.0	0.0	0.0	13.971	8.782	31.493	37.341	0.0	0.0	0.0	0.0	0.0	11.034	6.936	24.872	29.489	0.0	0.0	0.0	0.0	0.0	4.428	2.783	9.981	11.834	0.0	0.0	0.0	0.0	0.0	20.736	13.035	46.742	55.42	0.0	0.0	0.0	0.0	0.0	8.06	5.067	18.169	21.543	0.0	0.0	0.0	0.0	0.0	20.16	12.673	45.444	53.881	0.0	0.0	0.0	0.0	0.0	37.416	23.52	84.341	100.0	0.0	0.0	0.0	0.0	0.0	0.0	0.0	0.0	0.0	0.0
CPI-SS0263EFDDF	JAG2_NOTCH3	simple:Q9Y219	simple:Q9UM47	JAG2	NOTCH3	False	False	True	curated	False	Ligand-Receptor	Signaling by Notch	0.0	0.0	0.0	0.0	0.0	0.0	0.0	0.0	0.0	0.0	0.0	0.0	0.0	37.416	23.52	84.341	100.0	0.0	0.0	0.0	0.0	0.0	31.81	19.996	71.705	85.018	0.0	0.0	0.0	0.0	0.0	0.0	0.0	0.0	0.0	0.0	0.0	0.0	0.0	0.0	0.0	0.0	0.0	0.0	0.0	0.0	0.0	0.0	0.0	0.0	0.0	0.0	0.0	0.0	0.0	0.0	0.0	0.0	0.0	0.0	0.0	0.0	0.0	0.0	0.0	0.0	0.0	0.0	0.0	0.0	0.0	0.0	0.0	0.0	0.0	0.0	0.0	0.0	0.0	0.0	0.0
CPI-SS0D37C7C70	DLK1_NOTCH4	simple:P80370	simple:Q99466	DLK1	NOTCH4	False	False	True	curated	False	Ligand-Receptor	Signaling by Notch	0.0	0.0	0.0	0.0	0.0	0.0	0.0	0.0	0.0	0.0	4.518	4.342	0.0	0.0	0.0	0.0	0.0	0.0	0.0	0.0	0.0	0.0	0.0	0.0	0.0	0.0	0.0	0.0	100.0	96.106	0.0	0.0	0.0	0.0	0.0	0.0	0.0	52.684	50.632	0.0	0.0	0.0	0.0	0.0	0.0	0.0	33.81	32.493	0.0	0.0	0.0	0.0	0.0	0.0	0.0	13.392	12.87	0.0	0.0	0.0	0.0	0.0	0.0	0.0	11.296	10.856	0.0	0.0	0.0	0.0	0.0	0.0	0.0	0.0	0.0	0.0	0.0	0.0	0.0	0.0	0.0
CPI-SS0837E9F59	JAG1_NOTCH4	simple:P78504	simple:Q99466	JAG1	NOTCH4	False	False	True	curated	False	Ligand-Receptor	Signaling by Notch	0.0	21.061	20.241	0.0	0.0	0.0	0.0	0.0	0.0	0.0	37.341	35.886	0.0	0.0	0.0	0.0	0.0	0.0	0.0	29.489	28.341	0.0	0.0	0.0	0.0	0.0	0.0	0.0	11.834	11.373	0.0	0.0	0.0	0.0	0.0	0.0	0.0	55.42	53.262	0.0	0.0	0.0	0.0	0.0	0.0	0.0	21.543	20.704	0.0	0.0	0.0	0.0	0.0	0.0	0.0	53.881	51.783	0.0	0.0	0.0	0.0	0.0	0.0	0.0	100.0	96.106	0.0	0.0	0.0	0.0	0.0	0.0	0.0	0.0	0.0	0.0	0.0	0.0	0.0	0.0	0.0
CPI-SS096F3E0F2	JAG2_NOTCH4	simple:Q9Y219	simple:Q99466	JAG2	NOTCH4	False	False	True	curated	False	Ligand-Receptor	Signaling by Notch	0.0	0.0	0.0	0.0	0.0	0.0	0.0	0.0	0.0	0.0	100.0	96.106	0.0	0.0	0.0	0.0	0.0	0.0	0.0	85.018	81.707	0.0	0.0	0.0	0.0	0.0	0.0	0.0	0.0	0.0	0.0	0.0	0.0	0.0	0.0	0.0	0.0	0.0	0.0	0.0	0.0	0.0	0.0	0.0	0.0	0.0	0.0	0.0	0.0	0.0	0.0	0.0	0.0	0.0	0.0	0.0	0.0	0.0	0.0	0.0	0.0	0.0	0.0	0.0	0.0	0.0	0.0	0.0	0.0	0.0	0.0	0.0	0.0	0.0	0.0	0.0	0.0	0.0	0.0	0.0	0.0
CPI-SS0D1EF9598	PENK_OPRK1	simple:P01210	simple:P41145	PENK	OPRK1	True	False	True	curated	False	Ligand-Receptor	Signaling by Opioid	0.0	0.0	0.0	0.0	0.0	0.0	0.0	0.0	0.0	0.0	0.0	0.0	0.0	0.0	0.0	0.0	0.0	0.0	0.0	0.0	0.0	0.0	0.0	0.0	0.0	0.0	0.0	0.0	0.0	0.0	0.0	0.0	0.0	0.0	0.0	0.0	0.0	0.0	0.0	0.0	0.0	0.0	0.0	0.0	0.0	0.0	0.0	0.0	0.0	0.0	0.0	0.0	0.0	0.0	0.0	0.0	0.0	0.0	0.0	0.0	0.0	0.0	0.0	0.0	0.0	0.0	0.0	0.0	0.0	0.0	0.0	0.0	0.0	0.0	0.0	0.0	0.0	0.0	0.0	0.0	0.0
CPI-SS0D97012FB	PENK_OPRM1	simple:P01210	simple:P35372	PENK	OPRM1	True	False	True	curated	False	Ligand-Receptor	Signaling by Opioid	0.0	0.0	0.0	0.0	0.0	0.0	0.0	0.0	0.0	0.0	0.0	0.0	0.0	0.0	0.0	0.0	0.0	0.0	0.0	0.0	0.0	0.0	0.0	0.0	0.0	0.0	0.0	0.0	0.0	0.0	0.0	0.0	0.0	0.0	0.0	0.0	0.0	0.0	0.0	0.0	0.0	0.0	0.0	0.0	0.0	0.0	0.0	0.0	0.0	0.0	0.0	0.0	0.0	0.0	0.0	0.0	0.0	0.0	0.0	0.0	0.0	0.0	0.0	0.0	0.0	0.0	0.0	0.0	0.0	0.0	0.0	0.0	0.0	0.0	0.0	0.0	0.0	0.0	0.0	0.0	0.0
CPI-SS0133239EA	ADCYAP1_ADCYAP1R1	simple:P18509	simple:P41586	ADCYAP1	ADCYAP1R1	True	False	True	curated	False	Ligand-Receptor	Signaling by Pituitary adenylate	0.0	0.0	0.0	0.0	0.0	0.0	0.0	0.0	0.0	0.0	0.0	0.0	0.0	0.0	0.0	0.0	0.0	0.0	0.0	0.0	0.0	0.0	0.0	0.0	0.0	0.0	0.0	0.0	0.0	0.0	0.0	0.0	0.0	0.0	0.0	0.0	0.0	0.0	0.0	0.0	0.0	0.0	0.0	0.0	0.0	0.0	0.0	0.0	0.0	0.0	0.0	0.0	0.0	0.0	0.0	0.0	0.0	0.0	0.0	0.0	0.0	0.0	0.0	0.0	0.0	0.0	0.0	0.0	0.0	0.0	0.0	0.0	0.0	0.0	0.0	0.0	0.0	0.0	0.0	0.0	0.0
CPI-SS06102CC06	VIP_ADCYAP1R1	simple:P01282	simple:P41586	VIP	ADCYAP1R1	True	False	True	curated	False	Ligand-Receptor	Signaling by Vasoactive Intestinal Peptide	0.0	0.0	0.0	0.0	0.0	0.0	0.0	0.0	0.0	0.0	0.0	0.0	0.0	0.0	0.0	0.0	0.0	0.0	0.0	0.0	0.0	0.0	0.0	0.0	0.0	0.0	0.0	0.0	0.0	0.0	0.0	0.0	0.0	0.0	0.0	0.0	0.0	0.0	0.0	0.0	0.0	0.0	0.0	0.0	0.0	0.0	0.0	0.0	0.0	0.0	0.0	0.0	0.0	0.0	0.0	0.0	0.0	0.0	0.0	0.0	0.0	0.0	0.0	0.0	0.0	0.0	0.0	0.0	0.0	0.0	0.0	0.0	0.0	0.0	0.0	0.0	0.0	0.0	0.0	0.0	0.0
CPI-SS07361522F	PGF_FLT1	simple:P49763	simple:P17948	PGF	FLT1	True	False	True	curated	False	Ligand-Receptor	Signaling by Placenta growth factor	0.0	0.0	0.0	0.0	0.0	0.0	0.0	0.0	0.0	0.0	48.976	41.47	0.0	9.601	2.936	14.047	13.454	0.0	0.0	100.0	84.675	0.0	19.603	5.995	28.681	27.47	0.0	0.0	0.0	0.0	0.0	0.0	0.0	0.0	0.0	0.0	0.0	12.142	10.281	0.0	2.38	0.728	3.482	3.335	0.0	0.0	0.0	0.0	0.0	0.0	0.0	0.0	0.0	0.0	0.0	49.5	41.914	0.0	9.704	2.967	14.197	13.598	0.0	0.0	38.276	32.411	0.0	7.503	2.295	10.978	10.515	0.0	0.0	0.0	0.0	0.0	0.0	0.0	0.0	0.0	0.0
CPI-SS0B9B3870A	VEGFA_FLT1	simple:P15692	simple:P17948	VEGFA	FLT1	True	False	True	curated	False	Ligand-Receptor	Signaling by Vascular endothelial growth factor	0.0	64.465	54.585	0.0	12.637	3.865	18.489	17.709	0.0	0.0	7.213	6.107	0.0	1.414	0.432	2.069	1.981	0.0	0.0	0.0	0.0	0.0	0.0	0.0	0.0	0.0	0.0	0.0	100.0	84.675	0.0	19.603	5.995	28.681	27.47	0.0	0.0	46.966	39.768	0.0	9.207	2.816	13.47	12.902	0.0	0.0	26.432	22.381	0.0	5.181	1.585	7.581	7.261	0.0	0.0	20.981	17.766	0.0	4.113	1.258	6.018	5.764	0.0	0.0	2.228	1.887	0.0	0.437	0.134	0.639	0.612	0.0	0.0	73.602	62.323	0.0	14.428	4.412	21.11	20.219	0.0
CPI-SC0B51DC960	PGF_FLT1_complex	simple:P49763	complex:FLT1_complex	PGF		True	False	True	curated	False	Ligand-Receptor	Signaling by Placenta growth factor	0.0	0.0	0.0	0.0	0.0	0.0	0.0	0.0	0.0	0.0	48.976	43.985	0.0	6.653	0.0	0.0	0.0	0.0	0.0	100.0	89.809	0.0	13.584	0.0	0.0	0.0	0.0	0.0	0.0	0.0	0.0	0.0	0.0	0.0	0.0	0.0	0.0	12.142	10.904	0.0	1.649	0.0	0.0	0.0	0.0	0.0	0.0	0.0	0.0	0.0	0.0	0.0	0.0	0.0	0.0	49.5	44.455	0.0	6.724	0.0	0.0	0.0	0.0	0.0	38.276	34.376	0.0	5.199	0.0	0.0	0.0	0.0	0.0	0.0	0.0	0.0	0.0	0.0	0.0	0.0	0.0
CPI-SC0AFC650CD	VEGFA_FLT1_complex	simple:P15692	complex:FLT1_complex	VEGFA		True	False	True	curated	False	Ligand-Receptor	Signaling by Vascular endothelial growth factor	0.0	64.465	57.895	0.0	8.757	0.0	0.0	0.0	0.0	0.0	7.213	6.478	0.0	0.98	0.0	0.0	0.0	0.0	0.0	0.0	0.0	0.0	0.0	0.0	0.0	0.0	0.0	0.0	100.0	89.809	0.0	13.584	0.0	0.0	0.0	0.0	0.0	46.966	42.18	0.0	6.38	0.0	0.0	0.0	0.0	0.0	26.432	23.738	0.0	3.59	0.0	0.0	0.0	0.0	0.0	20.981	18.843	0.0	2.85	0.0	0.0	0.0	0.0	0.0	2.228	2.001	0.0	0.303	0.0	0.0	0.0	0.0	0.0	73.602	66.102	0.0	9.998	0.0	0.0	0.0	0.0
CPI-SS01790830C	PGF_NRP1	simple:P49763	simple:O14786	PGF	NRP1	True	False	True	curated	False	Ligand-Receptor	Signaling by Placenta growth factor	0.0	0.0	0.0	0.0	0.0	0.0	0.0	0.0	0.0	12.806	48.976	43.385	0.0	14.067	20.234	16.863	11.001	0.0	26.147	100.0	88.585	0.0	28.723	41.314	34.43	22.463	0.0	0.0	0.0	0.0	0.0	0.0	0.0	0.0	0.0	0.0	3.175	12.142	10.756	0.0	3.487	5.016	4.18	2.727	0.0	0.0	0.0	0.0	0.0	0.0	0.0	0.0	0.0	0.0	12.943	49.5	43.849	0.0	14.218	20.45	17.043	11.119	0.0	10.008	38.276	33.907	0.0	10.994	15.813	13.179	8.598	0.0	0.0	0.0	0.0	0.0	0.0	0.0	0.0	0.0	0.0
CPI-SS034083FFA	SEMA3A_NRP1	simple:Q14563	simple:O14786	SEMA3A	NRP1	True	False	True	curated	False	Ligand-Receptor	Signaling by Semaphorin	26.147	100.0	88.585	0.0	28.723	41.314	34.43	22.463	0.0	0.0	0.0	0.0	0.0	0.0	0.0	0.0	0.0	0.0	0.0	0.0	0.0	0.0	0.0	0.0	0.0	0.0	0.0	0.0	0.0	0.0	0.0	0.0	0.0	0.0	0.0	0.0	12.729	48.683	43.126	0.0	13.983	20.113	16.762	10.936	0.0	25.743	98.455	87.216	0.0	28.279	40.675	33.898	22.116	0.0	0.0	0.0	0.0	0.0	0.0	0.0	0.0	0.0	0.0	0.0	0.0	0.0	0.0	0.0	0.0	0.0	0.0	0.0	0.0	0.0	0.0	0.0	0.0	0.0	0.0	0.0	0.0
CPI-SS043E22BF5	VEGFA_NRP1	simple:P15692	simple:O14786	VEGFA	NRP1	True	False	True	curated	False	Ligand-Receptor	Signaling by Vascular endothelial growth factor	16.856	64.465	57.106	0.0	18.516	26.633	22.195	14.481	0.0	1.886	7.213	6.389	0.0	2.072	2.98	2.483	1.62	0.0	0.0	0.0	0.0	0.0	0.0	0.0	0.0	0.0	0.0	26.147	100.0	88.585	0.0	28.723	41.314	34.43	22.463	0.0	12.28	46.966	41.605	0.0	13.49	19.403	16.171	10.55	0.0	6.911	26.432	23.415	0.0	7.592	10.92	9.101	5.937	0.0	5.486	20.981	18.586	0.0	6.026	8.668	7.224	4.713	0.0	0.583	2.228	1.974	0.0	0.64	0.921	0.767	0.501	0.0	19.245	73.602	65.201	0.0	21.141	30.408	25.342	16.533	0.0
CPI-SS065D9259F	PGF_NRP2	simple:P49763	simple:O60462	PGF	NRP2	True	False	True	curated	False	Ligand-Receptor	Signaling by Placenta growth factor	0.0	0.0	0.0	0.0	0.0	0.0	0.0	0.0	0.0	14.143	48.976	32.703	0.0	7.846	30.115	0.0	8.706	0.0	28.877	100.0	66.774	0.0	16.02	61.489	0.0	17.775	0.0	0.0	0.0	0.0	0.0	0.0	0.0	0.0	0.0	0.0	3.506	12.142	8.107	0.0	1.945	7.466	0.0	2.158	0.0	0.0	0.0	0.0	0.0	0.0	0.0	0.0	0.0	0.0	14.294	49.5	33.053	0.0	7.93	30.437	0.0	8.799	0.0	11.053	38.276	25.559	0.0	6.132	23.536	0.0	6.804	0.0	0.0	0.0	0.0	0.0	0.0	0.0	0.0	0.0	0.0
CPI-SS046F8AD8B	VEGFA_NRP2	simple:P15692	simple:O60462	VEGFA	NRP2	True	False	True	curated	False	Ligand-Receptor	Signaling by Vascular endothelial growth factor	18.615	64.465	43.045	0.0	10.327	39.639	0.0	11.459	0.0	2.083	7.213	4.816	0.0	1.155	4.435	0.0	1.282	0.0	0.0	0.0	0.0	0.0	0.0	0.0	0.0	0.0	0.0	28.877	100.0	66.774	0.0	16.02	61.489	0.0	17.775	0.0	13.562	46.966	31.361	0.0	7.524	28.879	0.0	8.348	0.0	7.633	26.432	17.65	0.0	4.234	16.253	0.0	4.698	0.0	6.059	20.981	14.01	0.0	3.361	12.901	0.0	3.729	0.0	0.643	2.228	1.488	0.0	0.357	1.37	0.0	0.396	0.0	21.254	73.602	49.147	0.0	11.791	45.258	0.0	13.083	0.0
CPI-SS0B70EB09E	PDGFA_PDGFRA	simple:P04085	simple:P16234	PDGFA	PDGFRA	True	False	True	curated	False	Ligand-Receptor	Signaling by Platelet-derived growth factor	0.0	0.0	0.0	0.0	0.0	0.0	0.0	0.0	0.0	0.0	0.0	0.0	0.0	27.573	61.402	31.769	4.191	0.0	0.0	0.0	0.0	0.0	14.873	33.12	17.136	2.261	0.0	0.0	0.0	0.0	0.0	0.0	0.0	0.0	0.0	0.0	0.0	0.0	0.0	0.0	15.73	35.028	18.123	2.391	0.0	0.0	0.0	0.0	0.0	0.0	0.0	0.0	0.0	0.0	0.0	0.0	0.0	0.0	40.626	90.47	46.809	6.175	0.0	0.0	0.0	0.0	0.0	44.906	100.0	51.739	6.825	0.0	0.0	0.0	0.0	0.0	0.0	0.0	0.0	0.0	0.0
CPI-SS0666DE74B	NPY_NPY1R	simple:P01303	simple:P25929	NPY	NPY1R	True	False	True	curated	False	Ligand-Receptor	Signaling by Pro-neuregulin	0.0	0.0	0.0	0.0	0.0	0.0	0.0	0.0	0.0	0.0	0.0	0.0	0.0	0.0	0.0	0.0	0.0	0.0	0.0	0.0	0.0	0.0	0.0	0.0	0.0	0.0	0.0	0.0	0.0	0.0	0.0	0.0	0.0	0.0	0.0	0.0	0.0	0.0	0.0	0.0	0.0	0.0	0.0	0.0	0.0	0.0	0.0	0.0	0.0	0.0	0.0	0.0	0.0	0.0	0.0	0.0	0.0	0.0	0.0	0.0	0.0	0.0	0.0	0.0	0.0	0.0	0.0	0.0	0.0	0.0	0.0	0.0	0.0	0.0	0.0	0.0	0.0	0.0	0.0	0.0	0.0
CPI-CS058DED3AA	ProstaglandinF2a_byAKR1B1_PTGFR	complex:ProstaglandinF2a_byAKR1B1	simple:P43088		PTGFR	True	False	True	curated	False	Ligand-Receptor	Signaling by Prostaglandin	0.0	0.0	0.0	0.0	0.0	0.0	0.0	0.0	0.0	0.0	0.0	0.0	0.0	0.0	0.0	0.0	0.0	0.0	0.0	0.0	0.0	0.0	0.0	0.0	0.0	0.0	0.0	0.0	0.0	0.0	0.0	0.0	0.0	0.0	0.0	0.0	0.0	0.0	0.0	0.0	0.0	0.0	0.0	0.0	0.0	0.0	0.0	0.0	0.0	0.0	0.0	0.0	0.0	0.0	0.0	0.0	0.0	0.0	0.0	0.0	0.0	0.0	0.0	0.0	0.0	0.0	0.0	0.0	0.0	0.0	0.0	0.0	0.0	0.0	0.0	0.0	0.0	0.0	0.0	0.0	0.0
CPI-CS0D78DAC70	ProstaglandinD2_byAKR1C3_PTGFR	complex:ProstaglandinD2_byAKR1C3	simple:P43088		PTGFR	True	False	True	curated	False	Ligand-Receptor	Signaling by Prostaglandin	0.0	0.0	0.0	0.0	0.0	0.0	0.0	0.0	0.0	0.0	0.0	0.0	0.0	0.0	0.0	0.0	0.0	0.0	0.0	0.0	0.0	0.0	0.0	0.0	0.0	0.0	0.0	0.0	0.0	0.0	0.0	0.0	0.0	0.0	0.0	0.0	0.0	0.0	0.0	0.0	0.0	0.0	0.0	0.0	0.0	0.0	0.0	0.0	0.0	0.0	0.0	0.0	0.0	0.0	0.0	0.0	0.0	0.0	0.0	0.0	0.0	0.0	0.0	0.0	0.0	0.0	0.0	0.0	0.0	0.0	0.0	0.0	0.0	0.0	0.0	0.0	0.0	0.0	0.0	0.0	0.0
CPI-CS09DCEBC2B	ProstaglandinE2_byPTGES_PTGER1	complex:ProstaglandinE2_byPTGES	simple:P34995		PTGER1	True	False	True	curated	False	Ligand-Receptor	Signaling by Prostaglandin	0.0	0.0	0.0	0.0	0.0	0.0	0.0	0.0	0.0	0.0	0.0	0.0	0.0	0.0	0.0	0.0	0.0	0.0	0.0	0.0	0.0	0.0	0.0	0.0	0.0	0.0	0.0	0.0	0.0	0.0	0.0	0.0	0.0	0.0	0.0	0.0	0.0	0.0	0.0	0.0	0.0	0.0	0.0	0.0	0.0	0.0	0.0	0.0	0.0	0.0	0.0	0.0	0.0	0.0	0.0	0.0	0.0	0.0	0.0	0.0	0.0	0.0	0.0	0.0	0.0	0.0	0.0	0.0	0.0	0.0	0.0	0.0	0.0	0.0	0.0	0.0	0.0	0.0	0.0	0.0	0.0
CPI-CS0F0453B03	ProstaglandinE2_byPTGES_PTGER2	complex:ProstaglandinE2_byPTGES	simple:P43116		PTGER2	True	False	True	curated	False	Ligand-Receptor	Signaling by Prostaglandin	0.0	0.0	0.0	0.0	0.0	0.0	0.0	0.0	0.0	0.0	0.0	0.0	0.0	0.0	0.0	0.0	0.0	0.0	0.0	0.0	0.0	0.0	0.0	0.0	0.0	0.0	0.0	0.0	0.0	0.0	0.0	0.0	0.0	0.0	0.0	0.0	0.0	0.0	0.0	0.0	0.0	0.0	0.0	0.0	0.0	0.0	0.0	0.0	0.0	0.0	0.0	0.0	0.0	0.0	0.0	0.0	0.0	0.0	0.0	0.0	0.0	0.0	0.0	0.0	0.0	0.0	0.0	0.0	0.0	0.0	0.0	0.0	0.0	0.0	0.0	0.0	0.0	0.0	0.0	0.0	0.0
CPI-CS080C76630	ProstaglandinE2_byPTGES_PTGER3	complex:ProstaglandinE2_byPTGES	simple:P43115		PTGER3	True	False	True	curated	False	Ligand-Receptor	Signaling by Prostaglandin	0.0	0.0	0.0	0.0	0.0	0.0	0.0	0.0	0.0	0.0	0.0	0.0	0.0	0.0	0.0	0.0	0.0	0.0	0.0	0.0	0.0	0.0	0.0	0.0	0.0	0.0	0.0	0.0	0.0	0.0	0.0	0.0	0.0	0.0	0.0	0.0	0.0	0.0	0.0	0.0	0.0	0.0	0.0	0.0	0.0	0.0	0.0	0.0	0.0	0.0	0.0	0.0	0.0	0.0	0.0	0.0	0.0	0.0	0.0	0.0	0.0	0.0	0.0	0.0	0.0	0.0	0.0	0.0	0.0	0.0	0.0	0.0	0.0	0.0	0.0	0.0	0.0	0.0	0.0	0.0	0.0
CPI-CS023F349AF	ProstaglandinE2_byPTGES_PTGER4	complex:ProstaglandinE2_byPTGES	simple:P35408		PTGER4	True	False	True	curated	False	Ligand-Receptor	Signaling by Prostaglandin	0.0	0.0	0.0	0.0	0.0	0.0	0.0	0.0	0.0	0.0	0.0	0.0	0.0	0.0	0.0	0.0	0.0	0.0	0.0	0.0	0.0	0.0	0.0	0.0	0.0	0.0	0.0	0.0	0.0	0.0	0.0	0.0	0.0	0.0	0.0	0.0	0.0	0.0	0.0	0.0	0.0	0.0	0.0	0.0	0.0	0.0	0.0	0.0	0.0	0.0	0.0	0.0	0.0	0.0	0.0	0.0	0.0	0.0	0.0	0.0	0.0	0.0	0.0	0.0	0.0	0.0	0.0	0.0	0.0	0.0	0.0	0.0	0.0	0.0	0.0	0.0	0.0	0.0	0.0	0.0	0.0
CPI-SS09B2320BC	RSPO1_LGR5	simple:Q2MKA7	simple:O75473	RSPO1	LGR5	True	False	True	curated	False	Ligand-Receptor	Signaling by R-spondin	0.0	0.0	0.0	0.0	0.0	0.0	0.0	0.0	0.0	0.0	0.0	0.0	0.0	0.0	0.0	0.0	0.0	0.0	0.0	0.0	0.0	0.0	0.0	0.0	0.0	0.0	0.0	0.0	0.0	0.0	0.0	0.0	0.0	0.0	0.0	0.0	0.0	0.0	0.0	0.0	0.0	0.0	0.0	0.0	0.0	0.0	0.0	0.0	0.0	0.0	0.0	0.0	0.0	0.0	0.0	0.0	0.0	0.0	0.0	0.0	0.0	0.0	0.0	0.0	0.0	0.0	0.0	0.0	0.0	0.0	0.0	0.0	0.0	0.0	0.0	0.0	0.0	0.0	0.0	0.0	0.0
CPI-SS056D0AD0D	RSPO2_LGR5	simple:Q6UXX9	simple:O75473	RSPO2	LGR5	True	False	True	curated	False	Ligand-Receptor	Signaling by R-spondin	0.0	0.0	0.0	0.0	0.0	0.0	0.0	0.0	0.0	0.0	0.0	0.0	0.0	0.0	0.0	0.0	0.0	0.0	0.0	0.0	0.0	0.0	0.0	0.0	0.0	0.0	0.0	0.0	0.0	0.0	0.0	0.0	0.0	0.0	0.0	0.0	0.0	0.0	0.0	0.0	0.0	0.0	0.0	0.0	0.0	0.0	0.0	0.0	0.0	0.0	0.0	0.0	0.0	0.0	0.0	0.0	0.0	0.0	0.0	0.0	0.0	0.0	0.0	0.0	0.0	0.0	0.0	0.0	0.0	0.0	0.0	0.0	0.0	0.0	0.0	0.0	0.0	0.0	0.0	0.0	0.0
CPI-SS0C3906934	RSPO3_LGR5	simple:Q9BXY4	simple:O75473	RSPO3	LGR5	True	False	True	curated	False	Ligand-Receptor	Signaling by R-spondin	0.0	0.0	0.0	0.0	0.0	0.0	0.0	0.0	0.0	0.0	0.0	0.0	0.0	0.0	0.0	0.0	0.0	0.0	0.0	0.0	0.0	0.0	0.0	0.0	0.0	0.0	0.0	0.0	0.0	0.0	0.0	0.0	0.0	0.0	0.0	0.0	0.0	0.0	0.0	0.0	0.0	0.0	0.0	0.0	0.0	0.0	0.0	0.0	0.0	0.0	0.0	0.0	0.0	0.0	0.0	0.0	0.0	0.0	0.0	0.0	0.0	0.0	0.0	0.0	0.0	0.0	0.0	0.0	0.0	0.0	0.0	0.0	0.0	0.0	0.0	0.0	0.0	0.0	0.0	0.0	0.0
CPI-SS0F3A089DE	SEMA3E_PLXND1	simple:O15041	simple:Q9Y4D7	SEMA3E	PLXND1	True	False	True	curated	False	Ligand-Receptor	Signaling by Semaphorin	0.0	0.0	0.0	0.0	0.0	0.0	0.0	0.0	0.0	0.0	0.0	0.0	0.0	0.0	0.0	0.0	0.0	0.0	0.0	0.0	0.0	0.0	0.0	0.0	0.0	0.0	0.0	0.0	0.0	0.0	0.0	0.0	0.0	0.0	0.0	0.0	0.0	0.0	0.0	0.0	0.0	0.0	0.0	0.0	0.0	0.0	0.0	0.0	0.0	0.0	0.0	0.0	0.0	0.0	0.0	0.0	0.0	0.0	0.0	0.0	0.0	0.0	0.0	0.0	0.0	0.0	0.0	0.0	0.0	0.0	0.0	0.0	0.0	0.0	0.0	0.0	0.0	0.0	0.0	0.0	0.0
CPI-CS09463D22E	5-HT_byTPH1_and_SLC18A2_HTR2B	complex:5-HT_byTPH1_and_SLC18A2	simple:P41595		HTR2B	True	False	True	curated	False	Ligand-Receptor	Signaling by Serotonin	0.0	0.0	0.0	0.0	0.0	0.0	0.0	0.0	0.0	0.0	0.0	0.0	0.0	0.0	0.0	0.0	0.0	0.0	0.0	0.0	0.0	0.0	0.0	0.0	0.0	0.0	0.0	0.0	0.0	0.0	0.0	0.0	0.0	0.0	0.0	0.0	0.0	0.0	0.0	0.0	0.0	0.0	0.0	0.0	0.0	0.0	0.0	0.0	0.0	0.0	0.0	0.0	0.0	0.0	0.0	0.0	0.0	0.0	0.0	0.0	0.0	0.0	0.0	0.0	0.0	0.0	0.0	0.0	0.0	0.0	0.0	0.0	0.0	0.0	0.0	0.0	0.0	0.0	0.0	0.0	0.0
CPI-CS0FBE83390	5-HT_byTPH1_and_SLC18A2_HTR2C	complex:5-HT_byTPH1_and_SLC18A2	simple:P28335		HTR2C	True	False	True	curated	False	Ligand-Receptor	Signaling by Serotonin	0.0	0.0	0.0	0.0	0.0	0.0	0.0	0.0	0.0	0.0	0.0	0.0	0.0	0.0	0.0	0.0	0.0	0.0	0.0	0.0	0.0	0.0	0.0	0.0	0.0	0.0	0.0	0.0	0.0	0.0	0.0	0.0	0.0	0.0	0.0	0.0	0.0	0.0	0.0	0.0	0.0	0.0	0.0	0.0	0.0	0.0	0.0	0.0	0.0	0.0	0.0	0.0	0.0	0.0	0.0	0.0	0.0	0.0	0.0	0.0	0.0	0.0	0.0	0.0	0.0	0.0	0.0	0.0	0.0	0.0	0.0	0.0	0.0	0.0	0.0	0.0	0.0	0.0	0.0	0.0	0.0
CPI-CS059692236	5-HT_byTPH1_and_SLC18A2_HTR7	complex:5-HT_byTPH1_and_SLC18A2	simple:P34969		HTR7	True	False	True	curated	False	Ligand-Receptor	Signaling by Serotonin	0.0	0.0	0.0	0.0	0.0	0.0	0.0	0.0	0.0	0.0	0.0	0.0	0.0	0.0	0.0	0.0	0.0	0.0	0.0	0.0	0.0	0.0	0.0	0.0	0.0	0.0	0.0	0.0	0.0	0.0	0.0	0.0	0.0	0.0	0.0	0.0	0.0	0.0	0.0	0.0	0.0	0.0	0.0	0.0	0.0	0.0	0.0	0.0	0.0	0.0	0.0	0.0	0.0	0.0	0.0	0.0	0.0	0.0	0.0	0.0	0.0	0.0	0.0	0.0	0.0	0.0	0.0	0.0	0.0	0.0	0.0	0.0	0.0	0.0	0.0	0.0	0.0	0.0	0.0	0.0	0.0
CPI-SS02A8BD654	TAC1_TACR1	simple:P20366	simple:P25103	TAC1	TACR1	True	False	True	curated	False	Ligand-Receptor	Signaling by Tachykinins	0.0	0.0	0.0	0.0	0.0	0.0	0.0	0.0	0.0	0.0	0.0	0.0	0.0	0.0	0.0	0.0	0.0	0.0	0.0	0.0	0.0	0.0	0.0	0.0	0.0	0.0	0.0	0.0	0.0	0.0	0.0	0.0	0.0	0.0	0.0	0.0	0.0	0.0	0.0	0.0	0.0	0.0	0.0	0.0	0.0	0.0	0.0	0.0	0.0	0.0	0.0	0.0	0.0	0.0	0.0	0.0	0.0	0.0	0.0	0.0	0.0	0.0	0.0	0.0	0.0	0.0	0.0	0.0	0.0	0.0	0.0	0.0	0.0	0.0	0.0	0.0	0.0	0.0	0.0	0.0	0.0
CPI-SS0CDDDEE9F	TAC3_TACR1	simple:Q9UHF0	simple:P25103	TAC3	TACR1	True	False	True	curated	False	Ligand-Receptor	Signaling by Tachykinins	0.0	0.0	0.0	0.0	0.0	0.0	0.0	0.0	0.0	0.0	0.0	0.0	0.0	0.0	0.0	0.0	0.0	0.0	0.0	0.0	0.0	0.0	0.0	0.0	0.0	0.0	0.0	0.0	0.0	0.0	0.0	0.0	0.0	0.0	0.0	0.0	0.0	0.0	0.0	0.0	0.0	0.0	0.0	0.0	0.0	0.0	0.0	0.0	0.0	0.0	0.0	0.0	0.0	0.0	0.0	0.0	0.0	0.0	0.0	0.0	0.0	0.0	0.0	0.0	0.0	0.0	0.0	0.0	0.0	0.0	0.0	0.0	0.0	0.0	0.0	0.0	0.0	0.0	0.0	0.0	0.0
CPI-SS0879B8E95	CD160_TNFRSF14	simple:O95971	simple:Q92956	CD160	TNFRSF14	False	True	True	curated	False	Adhesion-Adhesion	Signaling by Tumor necrosis factor	0.0	0.0	0.0	0.0	0.0	0.0	0.0	0.0	0.0	0.0	0.0	0.0	0.0	0.0	0.0	0.0	0.0	0.0	0.0	0.0	0.0	0.0	0.0	0.0	0.0	0.0	0.0	0.0	0.0	0.0	0.0	0.0	0.0	0.0	0.0	0.0	0.0	0.0	0.0	0.0	0.0	0.0	0.0	0.0	0.0	0.0	0.0	0.0	0.0	0.0	0.0	0.0	0.0	0.0	0.0	0.0	0.0	0.0	0.0	0.0	0.0	0.0	0.0	0.0	0.0	0.0	0.0	0.0	0.0	0.0	0.0	0.0	0.0	0.0	0.0	0.0	0.0	0.0	0.0	0.0	0.0
CPI-SS0C03F7CDC	VEGFA_KDR	simple:P15692	simple:P35968	VEGFA	KDR	True	False	True	curated	False	Ligand-Receptor	Signaling by Vascular endothelial growth factor	7.377	64.465	61.406	0.0	6.068	0.0	0.0	0.0	0.0	0.825	7.213	6.87	0.0	0.679	0.0	0.0	0.0	0.0	0.0	0.0	0.0	0.0	0.0	0.0	0.0	0.0	0.0	11.443	100.0	95.255	0.0	9.413	0.0	0.0	0.0	0.0	5.374	46.966	44.737	0.0	4.421	0.0	0.0	0.0	0.0	3.025	26.432	25.178	0.0	2.488	0.0	0.0	0.0	0.0	2.401	20.981	19.986	0.0	1.975	0.0	0.0	0.0	0.0	0.255	2.228	2.123	0.0	0.21	0.0	0.0	0.0	0.0	8.423	73.602	70.11	0.0	6.928	0.0	0.0	0.0	0.0
CPI-SS0A10C2A8F	WNT3_FRZB	simple:P56703	simple:Q92765	WNT3	FRZB	True	False	False	curated	False	Ligand-Ligand	Signaling by WNT inhibition	0.0	0.0	0.0	0.0	0.0	0.0	0.0	0.0	0.0	0.0	0.0	0.0	0.0	0.0	0.0	0.0	0.0	0.0	0.0	0.0	0.0	0.0	0.0	0.0	0.0	0.0	0.0	0.0	0.0	0.0	0.0	0.0	0.0	0.0	0.0	0.0	0.0	0.0	0.0	0.0	0.0	0.0	0.0	0.0	0.0	0.0	0.0	0.0	0.0	0.0	0.0	0.0	0.0	0.0	0.0	0.0	0.0	0.0	0.0	0.0	0.0	0.0	0.0	0.0	0.0	0.0	0.0	0.0	0.0	0.0	0.0	0.0	0.0	0.0	0.0	0.0	0.0	0.0	0.0	0.0	0.0
CPI-SS0EE63435D	WNT4_FRZB	simple:P56705	simple:Q92765	WNT4	FRZB	True	False	False	curated	False	Ligand-Ligand	Signaling by WNT inhibition	0.0	0.0	0.0	0.0	0.0	0.0	0.0	0.0	0.0	0.0	0.0	0.0	0.0	0.0	0.0	0.0	0.0	0.0	0.0	0.0	0.0	0.0	0.0	0.0	0.0	0.0	0.0	0.0	0.0	0.0	0.0	0.0	0.0	0.0	0.0	0.0	0.0	0.0	0.0	0.0	0.0	0.0	0.0	0.0	0.0	0.0	0.0	0.0	0.0	0.0	0.0	0.0	0.0	0.0	0.0	0.0	0.0	0.0	0.0	0.0	0.0	0.0	0.0	0.0	0.0	0.0	0.0	0.0	0.0	0.0	0.0	0.0	0.0	0.0	0.0	0.0	0.0	0.0	0.0	0.0	0.0
CPI-SS007954822	WNT5A_FRZB	simple:P41221	simple:Q92765	WNT5A	FRZB	True	False	False	curated	False	Ligand-Ligand	Signaling by WNT inhibition	0.0	0.0	0.0	0.0	0.0	0.0	0.0	0.0	0.0	14.875	0.0	0.0	0.0	0.0	12.83	41.489	7.22	0.0	35.853	0.0	0.0	0.0	0.0	30.923	100.0	17.402	0.0	0.0	0.0	0.0	0.0	0.0	0.0	0.0	0.0	0.0	30.457	0.0	0.0	0.0	0.0	26.269	84.95	14.783	0.0	32.181	0.0	0.0	0.0	0.0	27.755	89.758	15.62	0.0	28.336	0.0	0.0	0.0	0.0	24.439	79.033	13.754	0.0	27.319	0.0	0.0	0.0	0.0	23.563	76.199	13.26	0.0	0.0	0.0	0.0	0.0	0.0	0.0	0.0	0.0	0.0
CPI-SS0DF9024C0	WNT3_SFRP1	simple:P56703	simple:Q8N474	WNT3	SFRP1	True	False	False	curated	False	Ligand-Ligand	Signaling by WNT inhibition	0.0	0.0	0.0	0.0	0.0	0.0	0.0	0.0	0.0	0.0	0.0	0.0	0.0	0.0	0.0	0.0	0.0	0.0	0.0	0.0	0.0	0.0	0.0	0.0	0.0	0.0	0.0	0.0	0.0	0.0	0.0	0.0	0.0	0.0	0.0	0.0	0.0	0.0	0.0	0.0	0.0	0.0	0.0	0.0	0.0	0.0	0.0	0.0	0.0	0.0	0.0	0.0	0.0	0.0	0.0	0.0	0.0	0.0	0.0	0.0	0.0	0.0	0.0	0.0	0.0	0.0	0.0	0.0	0.0	0.0	0.0	0.0	0.0	0.0	0.0	0.0	0.0	0.0	0.0	0.0	0.0
CPI-SS036707F4C	WNT4_SFRP1	simple:P56705	simple:Q8N474	WNT4	SFRP1	True	False	False	curated	False	Ligand-Ligand	Signaling by WNT inhibition	0.0	0.0	0.0	0.0	0.0	0.0	0.0	0.0	0.0	0.0	0.0	0.0	0.0	0.0	0.0	0.0	0.0	0.0	0.0	0.0	0.0	0.0	0.0	0.0	0.0	0.0	0.0	0.0	0.0	0.0	0.0	0.0	0.0	0.0	0.0	0.0	0.0	0.0	0.0	0.0	0.0	0.0	0.0	0.0	0.0	0.0	0.0	0.0	0.0	0.0	0.0	0.0	0.0	0.0	0.0	0.0	0.0	0.0	0.0	0.0	0.0	0.0	0.0	0.0	0.0	0.0	0.0	0.0	0.0	0.0	0.0	0.0	0.0	0.0	0.0	0.0	0.0	0.0	0.0	0.0	0.0
CPI-SS0F1E79A03	WNT5A_SFRP1	simple:P41221	simple:Q8N474	WNT5A	SFRP1	True	False	False	curated	False	Ligand-Ligand	Signaling by WNT inhibition	0.0	0.0	0.0	0.0	0.0	0.0	0.0	0.0	0.0	29.281	8.847	5.865	0.0	19.199	41.489	12.895	9.711	12.333	70.575	21.322	14.135	0.0	46.275	100.0	31.081	23.406	29.727	0.0	0.0	0.0	0.0	0.0	0.0	0.0	0.0	0.0	59.954	18.114	12.008	0.0	39.311	84.95	26.404	19.883	25.253	63.346	19.139	12.687	0.0	41.535	89.758	27.898	21.008	26.682	55.778	16.852	11.172	0.0	36.573	79.033	24.564	18.498	23.494	53.777	16.247	10.771	0.0	35.261	76.199	23.683	17.835	22.651	0.0	0.0	0.0	0.0	0.0	0.0	0.0	0.0	0.0
CPI-SS0E9BE6A4E	WNT3_SFRP2	simple:P56703	simple:Q96HF1	WNT3	SFRP2	True	False	False	curated	False	Ligand-Ligand	Signaling by WNT inhibition	0.0	0.0	0.0	0.0	0.0	0.0	0.0	0.0	0.0	0.0	0.0	0.0	0.0	0.0	0.0	0.0	0.0	0.0	0.0	0.0	0.0	0.0	0.0	0.0	0.0	0.0	0.0	0.0	0.0	0.0	0.0	0.0	0.0	0.0	0.0	0.0	0.0	0.0	0.0	0.0	0.0	0.0	0.0	0.0	0.0	0.0	0.0	0.0	0.0	0.0	0.0	0.0	0.0	0.0	0.0	0.0	0.0	0.0	0.0	0.0	0.0	0.0	0.0	0.0	0.0	0.0	0.0	0.0	0.0	0.0	0.0	0.0	0.0	0.0	0.0	0.0	0.0	0.0	0.0	0.0	0.0
CPI-SS0661CE946	WNT4_SFRP2	simple:P56705	simple:Q96HF1	WNT4	SFRP2	True	False	False	curated	False	Ligand-Ligand	Signaling by WNT inhibition	0.0	0.0	0.0	0.0	0.0	0.0	0.0	0.0	0.0	0.0	0.0	0.0	0.0	0.0	0.0	0.0	0.0	0.0	0.0	0.0	0.0	0.0	0.0	0.0	0.0	0.0	0.0	0.0	0.0	0.0	0.0	0.0	0.0	0.0	0.0	0.0	0.0	0.0	0.0	0.0	0.0	0.0	0.0	0.0	0.0	0.0	0.0	0.0	0.0	0.0	0.0	0.0	0.0	0.0	0.0	0.0	0.0	0.0	0.0	0.0	0.0	0.0	0.0	0.0	0.0	0.0	0.0	0.0	0.0	0.0	0.0	0.0	0.0	0.0	0.0	0.0	0.0	0.0	0.0	0.0	0.0
CPI-SS03F33B34C	WNT5A_SFRP2	simple:P41221	simple:Q96HF1	WNT5A	SFRP2	True	False	False	curated	False	Ligand-Ligand	Signaling by WNT inhibition	0.0	0.0	0.0	0.0	0.0	0.0	0.0	0.0	0.0	0.0	0.0	0.0	0.0	0.0	0.0	0.0	0.0	0.0	0.0	0.0	0.0	0.0	0.0	0.0	0.0	0.0	0.0	0.0	0.0	0.0	0.0	0.0	0.0	0.0	0.0	0.0	0.0	0.0	0.0	0.0	0.0	0.0	0.0	0.0	0.0	0.0	0.0	0.0	0.0	0.0	0.0	0.0	0.0	0.0	0.0	0.0	0.0	0.0	0.0	0.0	0.0	0.0	0.0	0.0	0.0	0.0	0.0	0.0	0.0	0.0	0.0	0.0	0.0	0.0	0.0	0.0	0.0	0.0	0.0	0.0	0.0
CPI-SC0BDF87EA3	GDNF_RET_receptor_1	simple:P39905	complex:RET_receptor_1	GDNF		True	False	True	curated	False	Ligand-Receptor		0.0	0.0	0.0	0.0	0.0	0.0	0.0	0.0	0.0	0.0	0.0	0.0	0.0	0.0	0.0	0.0	0.0	0.0	0.0	0.0	0.0	0.0	0.0	0.0	0.0	0.0	0.0	0.0	0.0	0.0	0.0	0.0	0.0	0.0	0.0	0.0	0.0	0.0	0.0	0.0	0.0	0.0	0.0	0.0	0.0	0.0	0.0	0.0	0.0	0.0	0.0	0.0	0.0	0.0	0.0	0.0	0.0	0.0	0.0	0.0	0.0	0.0	0.0	0.0	0.0	0.0	0.0	0.0	0.0	0.0	0.0	0.0	0.0	0.0	0.0	0.0	0.0	0.0	0.0	0.0	0.0
CPI-SS04C672963	ESAM_ESAM	simple:Q96AP7	simple:Q96AP7	ESAM	ESAM	False	False	False	curated	False	Adhesion-Adhesion		0.0	0.0	0.0	0.0	0.0	0.0	0.0	0.0	0.0	0.0	100.0	93.92	0.0	11.036	0.0	20.144	9.395	0.0	0.0	93.92	88.209	0.0	10.365	0.0	18.92	8.824	0.0	0.0	0.0	0.0	0.0	0.0	0.0	0.0	0.0	0.0	0.0	11.036	10.365	0.0	1.218	0.0	2.223	1.037	0.0	0.0	0.0	0.0	0.0	0.0	0.0	0.0	0.0	0.0	0.0	20.144	18.92	0.0	2.223	0.0	4.058	1.893	0.0	0.0	9.395	8.824	0.0	1.037	0.0	1.893	0.883	0.0	0.0	0.0	0.0	0.0	0.0	0.0	0.0	0.0	0.0
CPI-CS09A35DD21	Prostacyclin_byPTGIS_PTGIR	complex:Prostacyclin_byPTGIS	simple:P43119		PTGIR	True	False	True	curated	False	Ligand-Receptor		0.0	0.0	0.0	0.0	0.0	0.0	0.0	0.0	0.0	0.0	0.0	0.0	0.0	0.0	0.0	0.0	0.0	0.0	0.0	0.0	0.0	0.0	0.0	0.0	0.0	0.0	0.0	0.0	0.0	0.0	0.0	0.0	0.0	0.0	0.0	0.0	0.0	0.0	0.0	0.0	0.0	0.0	0.0	0.0	0.0	0.0	0.0	0.0	0.0	0.0	0.0	0.0	0.0	0.0	0.0	0.0	0.0	0.0	0.0	0.0	0.0	0.0	0.0	0.0	0.0	0.0	0.0	0.0	0.0	0.0	0.0	0.0	0.0	0.0	0.0	0.0	0.0	0.0	0.0	0.0	0.0
